2025-05-18 19:14:15,641 - my_logger - INFO - Pipeline runner started at 2025-05-18 19:14:15
2025-05-18 19:14:17,053 - my_logger - INFO - 'dataset' returned: (   train_size (%)  train_size_count  validation_size (%)  validation_size_count  test_size (%)  test_size_coount  currentSE  differenceToPriorSE  differenceToPriorSE (%)
0            0.95           44680.0                0.025                 1176.0          0.025            1176.0   0.010412             0.010412                      inf
1            0.90           42329.0                0.050                 2352.0          0.050            2352.0   0.007363            -0.003050                -0.292893
2            0.85           39977.0                0.075                 3527.0          0.075            3527.0   0.006012            -0.001350                -0.183388
3            0.80           37626.0                0.100                 4703.0          0.100            4703.0   0.005207            -0.000806                -0.134005
4            0.75           35274.0                0.125                 5879.0          0.125            5879.0   0.004657            -0.000550                -0.105592
5            0.70           32922.0                0.150                 7055.0          0.150            7055.0   0.004251            -0.000406                -0.087142
6            0.65           30571.0                0.175                 8231.0          0.175            8231.0   0.003936            -0.000315                -0.074189
7            0.60           28219.0                0.200                 9406.0          0.200            9406.0   0.003682            -0.000254                -0.064543
8            0.55           25868.0                0.225                10582.0          0.225           10582.0   0.003471            -0.000211                -0.057202
9            0.50           23516.0                0.250                11758.0          0.250           11758.0   0.003293            -0.000178                -0.051326, {'Memory_PssTotal': {6520: 43041, 2425: 125178, 44969: 43428, 50354: 34651, 21242: 80981}, 'Memory_PssClean': {6520: 6544, 2425: 31456, 44969: 2288, 50354: 804, 21242: 32356}, 'Memory_SharedDirty': {6520: 12304, 2425: 12704, 44969: 10748, 50354: 11008, 21242: 10760}, 'Memory_PrivateDirty': {6520: 28616, 2425: 84372, 44969: 32624, 50354: 29224, 21242: 37032}, 'Memory_SharedClean': {6520: 93928, 2425: 85144, 44969: 84988, 50354: 73772, 21242: 92240}, 'Memory_PrivateClean': {6520: 6556, 2425: 32908, 44969: 4792, 50354: 812, 21242: 33756}, 'Memory_SwapPssDirty': {6520: 0, 2425: 0, 44969: 0, 50354: 0, 21242: 0}, 'Memory_HeapSize': {6520: 14237, 2425: 36882, 44969: 19668, 50354: 8070, 21242: 10749}, 'Memory_HeapAlloc': {6520: 12368, 2425: 29212, 44969: 16381, 50354: 6645, 21242: 9088}, 'Memory_HeapFree': {6520: 1868, 2425: 7669, 44969: 3286, 50354: 1424, 21242: 1660}, 'Memory_Views': {6520: 7, 2425: 62, 44969: 44, 50354: 0, 21242: 12}, 'Memory_ViewRootImpl': {6520: 1, 2425: 1, 44969: 3, 50354: 0, 21242: 0}, 'Memory_AppContexts': {6520: 5, 2425: 4, 44969: 5, 50354: 4, 21242: 4}, 'Memory_Activities': {6520: 1, 2425: 1, 44969: 2, 50354: 0, 21242: 1}, 'Memory_Assets': {6520: 2, 2425: 4, 44969: 2, 50354: 2, 21242: 4}, 'Memory_AssetManagers': {6520: 0, 2425: 0, 44969: 0, 50354: 0, 21242: 0}, 'Memory_LocalBinders': {6520: 16, 2425: 37, 44969: 11, 50354: 4, 21242: 14}, 'Memory_ProxyBinders': {6520: 29, 2425: 36, 44969: 29, 50354: 24, 21242: 29}, 'Memory_ParcelMemory': {6520: 8, 2425: 9, 44969: 6, 50354: 4, 21242: 11}, 'Memory_ParcelCount': {6520: 19, 2425: 36, 44969: 24, 50354: 16, 21242: 31}, 'Memory_DeathRecipients': {6520: 0, 2425: 3, 44969: 0, 50354: 0, 21242: 0}, 'Memory_OpenSSLSockets': {6520: 0, 2425: 0, 44969: 0, 50354: 0, 21242: 0}, 'Memory_WebViews': {6520: 0, 2425: 3, 44969: 0, 50354: 0, 21242: 1}, 'API_Process_android.os.Process_start': {6520: 0, 2425: 0, 44969: 0, 50354: 0, 21242: 0}, 'API_Process_android.app.ActivityManager_killBackgroundProcesses': {6520: 0, 2425: 0, 44969: 0, 50354: 0, 21242: 0}, 'API_Process_android.os.Process_killProcess': {6520: 0, 2425: 0, 44969: 0, 50354: 0, 21242: 0}, 'API_Command_java.lang.Runtime_exec': {6520: 0, 2425: 0, 44969: 0, 50354: 0, 21242: 144}, 'API_Command_java.lang.ProcessBuilder_start': {6520: 0, 2425: 0, 44969: 0, 50354: 0, 21242: 48}, 'API_JavaNativeInterface_java.lang.Runtime_loadLibrary': {6520: 0, 2425: 0, 44969: 0, 50354: 0, 21242: 0}, 'API_JavaNativeInterface_java.lang.Runtime_load': {6520: 0, 2425: 0, 44969: 0, 50354: 0, 21242: 0}, 'API_WebView_android.webkit.WebView_loadUrl': {6520: 0, 2425: 15, 44969: 0, 50354: 0, 21242: 0}, 'API_WebView_android.webkit.WebView_loadData': {6520: 0, 2425: 0, 44969: 0, 50354: 0, 21242: 0}, 'API_WebView_android.webkit.WebView_loadDataWithBaseURL': {6520: 0, 2425: 0, 44969: 0, 50354: 0, 21242: 0}, 'API_WebView_android.webkit.WebView_addJavascriptInterface': {6520: 0, 2425: 5, 44969: 0, 50354: 0, 21242: 0}, 'API_WebView_android.webkit.WebView_evaluateJavascript': {6520: 0, 2425: 0, 44969: 0, 50354: 0, 21242: 0}, 'API_WebView_android.webkit.WebView_postUrl': {6520: 0, 2425: 0, 44969: 0, 50354: 0, 21242: 0}, 'API_WebView_android.webkit.WebView_postWebMessage': {6520: 0, 2425: 0, 44969: 0, 50354: 0, 21242: 0}, 'API_WebView_android.webkit.WebView_savePassword': {6520: 0, 2425: 0, 44969: 0, 50354: 0, 21242: 0}, 'API_WebView_android.webkit.WebView_setHttpAuthUsernamePassword': {6520: 0, 2425: 0, 44969: 0, 50354: 0, 21242: 0}, 'API_WebView_android.webkit.WebView_getHttpAuthUsernamePassword': {6520: 0, 2425: 0, 44969: 0, 50354: 0, 21242: 0}, 'API_WebView_android.webkit.WebView_setWebContentsDebuggingEnabled': {6520: 0, 2425: 0, 44969: 0, 50354: 0, 21242: 0}, 'API_FileIO_libcore.io.IoBridge_open': {6520: 0, 2425: 3, 44969: 0, 50354: 0, 21242: 17}, 'API_FileIO_android.content.ContextWrapper_openFileInput': {6520: 0, 2425: 2, 44969: 0, 50354: 0, 21242: 12}, 'API_FileIO_android.content.ContextWrapper_openFileOutput': {6520: 1, 2425: 2, 44969: 0, 50354: 0, 21242: 0}, 'API_FileIO_android.content.ContextWrapper_deleteFile': {6520: 0, 2425: 0, 44969: 0, 50354: 0, 21242: 4}, 'API_Database_android.content.ContextWrapper_openOrCreateDatabase': {6520: 0, 2425: 0, 44969: 0, 50354: 0, 21242: 0}, 'API_Database_android.content.ContextWrapper_databaseList': {6520: 1, 2425: 0, 44969: 0, 50354: 0, 21242: 0}, 'API_Database_android.content.ContextWrapper_deleteDatabase': {6520: 0, 2425: 0, 44969: 0, 50354: 0, 21242: 0}, 'API_Database_android.database.sqlite.SQLiteDatabase_execSQL': {6520: 0, 2425: 0, 44969: 0, 50354: 0, 21242: 10}, 'API_Database_android.database.sqlite.SQLiteDatabase_deleteDatabase': {6520: 0, 2425: 0, 44969: 0, 50354: 0, 21242: 0}, 'API_Database_android.database.sqlite.SQLiteDatabase_getPath': {6520: 0, 2425: 0, 44969: 0, 50354: 0, 21242: 186}, 'API_Database_android.database.sqlite.SQLiteDatabase_insert': {6520: 0, 2425: 0, 44969: 0, 50354: 0, 21242: 0}, 'API_Database_android.database.sqlite.SQLiteDatabase_insertOrThrow': {6520: 0, 2425: 0, 44969: 0, 50354: 0, 21242: 0}, 'API_Database_android.database.sqlite.SQLiteDatabase_insertWithOnConflict': {6520: 0, 2425: 0, 44969: 0, 50354: 0, 21242: 0}, 'API_Database_android.database.sqlite.SQLiteDatabase_openDatabase': {6520: 0, 2425: 0, 44969: 0, 50354: 0, 21242: 60}, 'API_Database_android.database.sqlite.SQLiteDatabase_openOrCreateDatabase': {6520: 0, 2425: 0, 44969: 0, 50354: 0, 21242: 0}, 'API_Database_android.database.sqlite.SQLiteDatabase_query': {6520: 0, 2425: 0, 44969: 0, 50354: 0, 21242: 0}, 'API_Database_android.database.sqlite.SQLiteDatabase_queryWithFactory': {6520: 0, 2425: 0, 44969: 0, 50354: 0, 21242: 0}, 'API_Database_android.database.sqlite.SQLiteDatabase_rawQuery': {6520: 0, 2425: 0, 44969: 0, 50354: 0, 21242: 126}, 'API_Database_android.database.sqlite.SQLiteDatabase_rawQueryWithFactory': {6520: 0, 2425: 0, 44969: 0, 50354: 0, 21242: 126}, 'API_Database_android.database.sqlite.SQLiteDatabase_update': {6520: 0, 2425: 0, 44969: 0, 50354: 0, 21242: 0}, 'API_Database_android.database.sqlite.SQLiteDatabase_updateWithOnConflict': {6520: 0, 2425: 0, 44969: 0, 50354: 0, 21242: 0}, 'API_Database_android.database.sqlite.SQLiteDatabase_compileStatement': {6520: 0, 2425: 0, 44969: 0, 50354: 0, 21242: 60}, 'API_Database_android.database.sqlite.SQLiteDatabase_create': {6520: 0, 2425: 0, 44969: 0, 50354: 0, 21242: 0}, 'API_IPC_android.content.ContextWrapper_sendBroadcast': {6520: 0, 2425: 0, 44969: 0, 50354: 0, 21242: 19}, 'API_IPC_android.content.ContextWrapper_sendStickyBroadcast': {6520: 0, 2425: 0, 44969: 0, 50354: 0, 21242: 0}, 'API_IPC_android.content.ContextWrapper_startActivity': {6520: 0, 2425: 0, 44969: 0, 50354: 0, 21242: 0}, 'API_IPC_android.content.ContextWrapper_startService': {6520: 14, 2425: 0, 44969: 0, 50354: 1, 21242: 4}, 'API_IPC_android.content.ContextWrapper_stopService': {6520: 0, 2425: 0, 44969: 0, 50354: 0, 21242: 0}, 'API_IPC_android.content.ContextWrapper_registerReceiver': {6520: 17, 2425: 29, 44969: 0, 50354: 1, 21242: 195}, 'API_Binder_android.app.ContextImpl_registerReceiver': {6520: 34, 2425: 31, 44969: 0, 50354: 2, 21242: 195}, 'API_Binder_android.app.ActivityThread_handleReceiver': {6520: 0, 2425: 0, 44969: 0, 50354: 0, 21242: 18}, 'API_Binder_android.app.Activity_startActivity': {6520: 0, 2425: 0, 44969: 0, 50354: 0, 21242: 0}, 'API_Crypto_javax.crypto.spec.SecretKeySpec_$init': {6520: 0, 2425: 0, 44969: 0, 50354: 0, 21242: 487}, 'API_Crypto_javax.crypto.Cipher_doFinal': {6520: 0, 2425: 0, 44969: 0, 50354: 0, 21242: 504}, 'API_Crypto-Hash_java.security.MessageDigest_digest': {6520: 4, 2425: 257, 44969: 2, 50354: 2, 21242: 293}, 'API_Crypto-Hash_java.security.MessageDigest_update': {6520: 3, 2425: 155, 44969: 2, 50354: 2, 21242: 193}, 'API_DeviceInfo_android.telephony.TelephonyManager_getDeviceId': {6520: 0, 2425: 0, 44969: 4, 50354: 0, 21242: 174}, 'API_DeviceInfo_android.telephony.TelephonyManager_getSubscriberId': {6520: 0, 2425: 0, 44969: 0, 50354: 0, 21242: 164}, 'API_DeviceInfo_android.telephony.TelephonyManager_getLine1Number': {6520: 0, 2425: 0, 44969: 0, 50354: 0, 21242: 38}, 'API_DeviceInfo_android.telephony.TelephonyManager_getNetworkOperator': {6520: 0, 2425: 0, 44969: 0, 50354: 0, 21242: 0}, 'API_DeviceInfo_android.telephony.TelephonyManager_getNetworkOperatorName': {6520: 0, 2425: 0, 44969: 0, 50354: 0, 21242: 64}, 'API_DeviceInfo_android.telephony.TelephonyManager_getSimOperatorName': {6520: 0, 2425: 0, 44969: 0, 50354: 0, 21242: 0}, 'API_DeviceInfo_android.net.wifi.WifiInfo_getMacAddress': {6520: 0, 2425: 0, 44969: 0, 50354: 0, 21242: 21}, 'API_DeviceInfo_android.net.wifi.WifiInfo_getBSSID': {6520: 0, 2425: 0, 44969: 0, 50354: 0, 21242: 0}, 'API_DeviceInfo_android.net.wifi.WifiInfo_getIpAddress': {6520: 0, 2425: 0, 44969: 0, 50354: 0, 21242: 0}, 'API_DeviceInfo_android.net.wifi.WifiInfo_getNetworkId': {6520: 0, 2425: 0, 44969: 0, 50354: 0, 21242: 0}, 'API_DeviceInfo_android.telephony.TelephonyManager_getSimCountryIso': {6520: 0, 2425: 0, 44969: 0, 50354: 0, 21242: 0}, 'API_DeviceInfo_android.telephony.TelephonyManager_getSimSerialNumber': {6520: 0, 2425: 0, 44969: 0, 50354: 0, 21242: 0}, 'API_DeviceInfo_android.telephony.TelephonyManager_getNetworkCountryIso': {6520: 0, 2425: 3, 44969: 0, 50354: 0, 21242: 17}, 'API_DeviceInfo_android.telephony.TelephonyManager_getDeviceSoftwareVersion': {6520: 0, 2425: 0, 44969: 0, 50354: 0, 21242: 0}, 'API_DeviceInfo_android.os.Debug_isDebuggerConnected': {6520: 0, 2425: 0, 44969: 0, 50354: 0, 21242: 0}, 'API_DeviceInfo_android.content.pm.PackageManager_getInstallerPackageName': {6520: 0, 2425: 0, 44969: 0, 50354: 0, 21242: 0}, 'API_DeviceInfo_android.content.pm.PackageManager_getInstalledApplications': {6520: 0, 2425: 0, 44969: 0, 50354: 0, 21242: 0}, 'API_DeviceInfo_android.content.pm.PackageManager_getInstalledModules': {6520: 0, 2425: 0, 44969: 0, 50354: 0, 21242: 0}, 'API_DeviceInfo_android.content.pm.PackageManager_getInstalledPackages': {6520: 0, 2425: 0, 44969: 0, 50354: 0, 21242: 0}, 'API_Network_java.net.URL_openConnection': {6520: 34, 2425: 18, 44969: 0, 50354: 2, 21242: 59}, 'API_Network_org.apache.http.impl.client.AbstractHttpClient_execute': {6520: 0, 2425: 0, 44969: 0, 50354: 0, 21242: 0}, 'API_Network_com.android.okhttp.internal.huc.HttpURLConnectionImpl_getInputStream': {6520: 18, 2425: 2, 44969: 0, 50354: 0, 21242: 18}, 'API_Network_com.android.okhttp.internal.http.HttpURLConnectionImpl_getInputStream': {6520: 0, 2425: 0, 44969: 0, 50354: 0, 21242: 0}, 'API_DexClassLoader_dalvik.system.BaseDexClassLoader_findResource': {6520: 1, 2425: 0, 44969: 7, 50354: 0, 21242: 0}, 'API_DexClassLoader_dalvik.system.BaseDexClassLoader_findResources': {6520: 0, 2425: 0, 44969: 0, 50354: 0, 21242: 0}, 'API_DexClassLoader_dalvik.system.BaseDexClassLoader_findLibrary': {6520: 0, 2425: 2, 44969: 0, 50354: 0, 21242: 54}, 'API_DexClassLoader_dalvik.system.DexFile_loadDex': {6520: 0, 2425: 0, 44969: 0, 50354: 0, 21242: 0}, 'API_DexClassLoader_dalvik.system.DexFile_loadClass': {6520: 0, 2425: 0, 44969: 0, 50354: 0, 21242: 0}, 'API_DexClassLoader_dalvik.system.DexClassLoader_$init': {6520: 0, 2425: 0, 44969: 0, 50354: 0, 21242: 0}, 'API_Base64_android.util.Base64_decode': {6520: 0, 2425: 2, 44969: 0, 50354: 0, 21242: 36}, 'API_Base64_android.util.Base64_encode': {6520: 0, 2425: 0, 44969: 0, 50354: 0, 21242: 65}, 'API_Base64_android.util.Base64_encodeToString': {6520: 0, 2425: 0, 44969: 0, 50354: 0, 21242: 65}, 'API_SystemManager_android.app.ApplicationPackageManager_setComponentEnabledSetting': {6520: 0, 2425: 0, 44969: 0, 50354: 0, 21242: 0}, 'API_SystemManager_android.app.NotificationManager_notify': {6520: 0, 2425: 0, 44969: 0, 50354: 0, 21242: 0}, 'API_SystemManager_android.telephony.TelephonyManager_listen': {6520: 0, 2425: 0, 44969: 0, 50354: 0, 21242: 0}, 'API_SystemManager_android.content.BroadcastReceiver_abortBroadcast': {6520: 0, 2425: 0, 44969: 0, 50354: 0, 21242: 0}, 'API_SMS_android.telephony.SmsManager_sendTextMessage': {6520: 0, 2425: 0, 44969: 0, 50354: 0, 21242: 0}, 'API_SMS_android.telephony.SmsManager_sendMultipartTextMessage': {6520: 0, 2425: 0, 44969: 0, 50354: 0, 21242: 0}, 'API_DeviceData_android.content.ContentResolver_query': {6520: 0, 2425: 0, 44969: 0, 50354: 0, 21242: 0}, 'API_DeviceData_android.content.ContentResolver_registerContentObserver': {6520: 0, 2425: 20, 44969: 0, 50354: 0, 21242: 0}, 'API_DeviceData_android.content.ContentResolver_insert': {6520: 0, 2425: 0, 44969: 0, 50354: 0, 21242: 0}, 'API_DeviceData_android.content.ContentResolver_delete': {6520: 0, 2425: 0, 44969: 0, 50354: 0, 21242: 0}, 'API_DeviceData_android.accounts.AccountManager_getAccountsByType': {6520: 0, 2425: 0, 44969: 0, 50354: 0, 21242: 0}, 'API_DeviceData_android.accounts.AccountManager_getAccounts': {6520: 0, 2425: 0, 44969: 0, 50354: 0, 21242: 0}, 'API_DeviceData_android.location.Location_getLatitude': {6520: 0, 2425: 0, 44969: 0, 50354: 0, 21242: 0}, 'API_DeviceData_android.location.Location_getLongitude': {6520: 0, 2425: 0, 44969: 0, 50354: 0, 21242: 0}, 'API_DeviceData_android.media.AudioRecord_startRecording': {6520: 0, 2425: 0, 44969: 0, 50354: 0, 21242: 0}, 'API_DeviceData_android.media.MediaRecorder_start': {6520: 0, 2425: 0, 44969: 0, 50354: 0, 21242: 0}, 'API_DeviceData_android.os.SystemProperties_get': {6520: 19, 2425: 4, 44969: 2, 50354: 32, 21242: 115}, 'API_DeviceData_android.app.ApplicationPackageManager_getInstalledPackages': {6520: 0, 2425: 0, 44969: 0, 50354: 0, 21242: 19}, 'API__sessions': {6520: 17, 2425: 1, 44969: 1, 50354: 1, 21242: 17}, 'Network_TotalReceivedBytes': {6520: 19760, 2425: 395700, 44969: 0, 50354: 0, 21242: 0}, 'Network_TotalReceivedPackets': {6520: 85, 2425: 500, 44969: 0, 50354: 0, 21242: 0}, 'Network_TotalTransmittedBytes': {6520: 8654, 2425: 61816, 44969: 720, 50354: 0, 21242: 0}, 'Network_TotalTransmittedPackets': {6520: 103, 2425: 512, 44969: 12, 50354: 0, 21242: 0}, 'Battery_wakelock': {6520: 3, 2425: 3, 44969: 3, 50354: 4, 21242: 4}, 'Battery_service': {6520: 2, 2425: 0, 44969: 0, 50354: 1, 21242: 1}, 'Logcat_info': {6520: 3024, 2425: 1724, 44969: 1376, 50354: 1468, 21242: 1271}, 'Logcat_error': {6520: 4730, 2425: 2295, 44969: 649, 50354: 466, 21242: 4007}, 'Logcat_warning': {6520: 1510, 2425: 752, 44969: 1478, 50354: 4828, 21242: 3247}, 'Logcat_debug': {6520: 1127, 2425: 11157, 44969: 2121, 50354: 1355, 21242: 1885}, 'Logcat_verbose': {6520: 4815, 2425: 1514, 44969: 1709, 50354: 1511, 21242: 4913}, 'Logcat_total': {6520: 15206, 2425: 17442, 44969: 7333, 50354: 9628, 21242: 15323}, 'Process_total': {6520: 186, 2425: 190, 44969: 187, 50354: 188, 21242: 183}, 'Reboot': {6520: 'before', 2425: 'before', 44969: 'before', 50354: 'before', 21242: 'before'}})
2025-05-18 19:14:19,159 - my_logger - INFO - 'data_preprocessing' returned: {}
2025-05-18 19:14:20,542 - my_logger - INFO - 'feature_analysis' returned: {'feature_transformation_results': None, 'manual_feature_selection_results': None, 'automatic_feature_selection_results': None}
2025-05-18 19:15:10,526 - my_logger - INFO - 'modelling' returned: {'pre_tuning_runner': ({'id': {0: '4befebefd4f4f643dc75a7afad2b5e224a9bcf5a19eefab966ac17ee131036a7'}, 'timeStamp': {0: '2025-05-18 19:14:36'}, 'comments': {0: 'UPDATED KAPPA NAME IN THE CSV, ONE SECOND TIME'}, 'modelName': {0: 'Majority Class (baseline)'}, 'currentPhase': {0: 'pre'}, 'features_used': {0: ['Memory_PssTotal', 'Memory_PssClean', 'Memory_SharedDirty', 'Memory_PrivateDirty', 'Memory_SharedClean', 'Memory_PrivateClean', 'Memory_SwapPssDirty', 'Memory_HeapSize', 'Memory_HeapAlloc', 'Memory_HeapFree', 'Memory_Views', 'Memory_ViewRootImpl', 'Memory_AppContexts', 'Memory_Activities', 'Memory_Assets', 'Memory_AssetManagers', 'Memory_LocalBinders', 'Memory_ProxyBinders', 'Memory_ParcelMemory', 'Memory_ParcelCount', 'Memory_DeathRecipients', 'Memory_OpenSSLSockets', 'Memory_WebViews', 'API_Process_android.os.Process_start', 'API_Process_android.app.ActivityManager_killBackgroundProcesses', 'API_Process_android.os.Process_killProcess', 'API_Command_java.lang.Runtime_exec', 'API_Command_java.lang.ProcessBuilder_start', 'API_JavaNativeInterface_java.lang.Runtime_loadLibrary', 'API_JavaNativeInterface_java.lang.Runtime_load', 'API_WebView_android.webkit.WebView_loadUrl', 'API_WebView_android.webkit.WebView_loadData', 'API_WebView_android.webkit.WebView_loadDataWithBaseURL', 'API_WebView_android.webkit.WebView_addJavascriptInterface', 'API_WebView_android.webkit.WebView_evaluateJavascript', 'API_WebView_android.webkit.WebView_postUrl', 'API_WebView_android.webkit.WebView_postWebMessage', 'API_WebView_android.webkit.WebView_savePassword', 'API_WebView_android.webkit.WebView_setHttpAuthUsernamePassword', 'API_WebView_android.webkit.WebView_getHttpAuthUsernamePassword', 'API_WebView_android.webkit.WebView_setWebContentsDebuggingEnabled', 'API_FileIO_libcore.io.IoBridge_open', 'API_FileIO_android.content.ContextWrapper_openFileInput', 'API_FileIO_android.content.ContextWrapper_openFileOutput', 'API_FileIO_android.content.ContextWrapper_deleteFile', 'API_Database_android.content.ContextWrapper_openOrCreateDatabase', 'API_Database_android.content.ContextWrapper_databaseList', 'API_Database_android.content.ContextWrapper_deleteDatabase', 'API_Database_android.database.sqlite.SQLiteDatabase_execSQL', 'API_Database_android.database.sqlite.SQLiteDatabase_deleteDatabase', 'API_Database_android.database.sqlite.SQLiteDatabase_getPath', 'API_Database_android.database.sqlite.SQLiteDatabase_insert', 'API_Database_android.database.sqlite.SQLiteDatabase_insertOrThrow', 'API_Database_android.database.sqlite.SQLiteDatabase_insertWithOnConflict', 'API_Database_android.database.sqlite.SQLiteDatabase_openDatabase', 'API_Database_android.database.sqlite.SQLiteDatabase_openOrCreateDatabase', 'API_Database_android.database.sqlite.SQLiteDatabase_query', 'API_Database_android.database.sqlite.SQLiteDatabase_queryWithFactory', 'API_Database_android.database.sqlite.SQLiteDatabase_rawQuery', 'API_Database_android.database.sqlite.SQLiteDatabase_rawQueryWithFactory', 'API_Database_android.database.sqlite.SQLiteDatabase_update', 'API_Database_android.database.sqlite.SQLiteDatabase_updateWithOnConflict', 'API_Database_android.database.sqlite.SQLiteDatabase_compileStatement', 'API_Database_android.database.sqlite.SQLiteDatabase_create', 'API_IPC_android.content.ContextWrapper_sendBroadcast', 'API_IPC_android.content.ContextWrapper_sendStickyBroadcast', 'API_IPC_android.content.ContextWrapper_startActivity', 'API_IPC_android.content.ContextWrapper_startService', 'API_IPC_android.content.ContextWrapper_stopService', 'API_IPC_android.content.ContextWrapper_registerReceiver', 'API_Binder_android.app.ContextImpl_registerReceiver', 'API_Binder_android.app.ActivityThread_handleReceiver', 'API_Binder_android.app.Activity_startActivity', 'API_Crypto_javax.crypto.spec.SecretKeySpec_$init', 'API_Crypto_javax.crypto.Cipher_doFinal', 'API_Crypto-Hash_java.security.MessageDigest_digest', 'API_Crypto-Hash_java.security.MessageDigest_update', 'API_DeviceInfo_android.telephony.TelephonyManager_getDeviceId', 'API_DeviceInfo_android.telephony.TelephonyManager_getSubscriberId', 'API_DeviceInfo_android.telephony.TelephonyManager_getLine1Number', 'API_DeviceInfo_android.telephony.TelephonyManager_getNetworkOperator', 'API_DeviceInfo_android.telephony.TelephonyManager_getNetworkOperatorName', 'API_DeviceInfo_android.telephony.TelephonyManager_getSimOperatorName', 'API_DeviceInfo_android.net.wifi.WifiInfo_getMacAddress', 'API_DeviceInfo_android.net.wifi.WifiInfo_getBSSID', 'API_DeviceInfo_android.net.wifi.WifiInfo_getIpAddress', 'API_DeviceInfo_android.net.wifi.WifiInfo_getNetworkId', 'API_DeviceInfo_android.telephony.TelephonyManager_getSimCountryIso', 'API_DeviceInfo_android.telephony.TelephonyManager_getSimSerialNumber', 'API_DeviceInfo_android.telephony.TelephonyManager_getNetworkCountryIso', 'API_DeviceInfo_android.telephony.TelephonyManager_getDeviceSoftwareVersion', 'API_DeviceInfo_android.os.Debug_isDebuggerConnected', 'API_DeviceInfo_android.content.pm.PackageManager_getInstallerPackageName', 'API_DeviceInfo_android.content.pm.PackageManager_getInstalledApplications', 'API_DeviceInfo_android.content.pm.PackageManager_getInstalledModules', 'API_DeviceInfo_android.content.pm.PackageManager_getInstalledPackages', 'API_Network_java.net.URL_openConnection', 'API_Network_org.apache.http.impl.client.AbstractHttpClient_execute', 'API_Network_com.android.okhttp.internal.huc.HttpURLConnectionImpl_getInputStream', 'API_Network_com.android.okhttp.internal.http.HttpURLConnectionImpl_getInputStream', 'API_DexClassLoader_dalvik.system.BaseDexClassLoader_findResource', 'API_DexClassLoader_dalvik.system.BaseDexClassLoader_findResources', 'API_DexClassLoader_dalvik.system.BaseDexClassLoader_findLibrary', 'API_DexClassLoader_dalvik.system.DexFile_loadDex', 'API_DexClassLoader_dalvik.system.DexFile_loadClass', 'API_DexClassLoader_dalvik.system.DexClassLoader_$init', 'API_Base64_android.util.Base64_decode', 'API_Base64_android.util.Base64_encode', 'API_Base64_android.util.Base64_encodeToString', 'API_SystemManager_android.app.ApplicationPackageManager_setComponentEnabledSetting', 'API_SystemManager_android.app.NotificationManager_notify', 'API_SystemManager_android.telephony.TelephonyManager_listen', 'API_SystemManager_android.content.BroadcastReceiver_abortBroadcast', 'API_SMS_android.telephony.SmsManager_sendTextMessage', 'API_SMS_android.telephony.SmsManager_sendMultipartTextMessage', 'API_DeviceData_android.content.ContentResolver_query', 'API_DeviceData_android.content.ContentResolver_registerContentObserver', 'API_DeviceData_android.content.ContentResolver_insert', 'API_DeviceData_android.content.ContentResolver_delete', 'API_DeviceData_android.accounts.AccountManager_getAccountsByType', 'API_DeviceData_android.accounts.AccountManager_getAccounts', 'API_DeviceData_android.location.Location_getLatitude', 'API_DeviceData_android.location.Location_getLongitude', 'API_DeviceData_android.media.AudioRecord_startRecording', 'API_DeviceData_android.media.MediaRecorder_start', 'API_DeviceData_android.os.SystemProperties_get', 'API_DeviceData_android.app.ApplicationPackageManager_getInstalledPackages', 'API__sessions', 'Network_TotalReceivedBytes', 'Network_TotalReceivedPackets', 'Network_TotalTransmittedBytes', 'Network_TotalTransmittedPackets', 'Battery_wakelock', 'Battery_service', 'Logcat_info', 'Logcat_error', 'Logcat_warning', 'Logcat_debug', 'Logcat_verbose', 'Logcat_total', 'Process_total', 'Reboot_before']}, 'hyperParameters': {0: '{}'}, 'timeToFit': {0: 0.002475738525390625}, 'timeToPredict': {0: 7.700920104980469e-05}, 'accuracy_val': {0: 0.30065915373166063}, 'accuracy_test': {0: -1}, 'precision_val': {0: 0.09039592672263835}, 'precision_test': {0: -1}, 'recall_val': {0: 0.30065915373166063}, 'recall_test': {0: -1}, 'f1-score_val': {0: 0.13900017766113068}, 'f1-score_test': {0: -1}, 'kappa_val': {0: 0.0}, 'kappa_test': {0: -1}}, {'tree_based': 53099     3
42114    11
46186     7
41946    10
12505     0
         ..
37346     5
8398      0
2906      0
33099     7
47610     7
Length: 861, dtype: int64, 'naive_bayes': 53099    3
30660    7
24323    5
11712    0
52498    3
        ..
44394    7
7212     0
7612     0
46313    7
36519    5
Length: 3853, dtype: int64, 'feed_forward_neural_network': 53099    3
24323    5
11712    0
52498    3
5763     0
        ..
52857    3
20081    5
7212     0
7612     0
36519    5
Length: 3152, dtype: int64, 'baselines': 53099    3
30660    7
11712    0
52498    3
5763     0
        ..
47610    7
44394    7
7212     0
7612     0
46313    7
Length: 3289, dtype: int64}, {'Decision Tree': {'absolute': array([[ 876,   13,    2,   19,    7,   84,    3,   32,    2,    6,   14,
           5],
       [  12,   58,    1,    3,    1,   11,    0,    1,    0,    1,    5,
           2],
       [   4,    1,   25,    1,    0,    4,    1,    0,    0,    0,    1,
           0],
       [  10,    1,    0,   97,    1,    4,    1,    1,    0,    2,    2,
           3],
       [   3,    3,    0,    0,  270,    7,    0,    6,    3,   30,    4,
          22],
       [  80,   10,    1,    5,    2, 1230,    3,   53,    1,    9,   16,
           4],
       [   9,    2,    0,    4,    0,    6,   60,    2,    0,    0,    1,
           2],
       [  33,    4,    1,    0,    3,   57,    2,  724,    2,   10,   17,
           9],
       [   1,    0,    0,    0,    3,    1,    0,    0,   15,    3,    1,
           1],
       [   5,    2,    0,    0,   34,    1,    0,    7,    1,  103,    7,
           0],
       [  20,    3,    0,    2,    2,   12,    1,   16,    1,    1,  147,
           4],
       [   3,    1,    0,    0,   19,    7,    1,    8,    0,    2,    4,
         237]]), 'relative': array([[8.24082785e+01, 1.22295390e+00, 1.88146754e-01, 1.78739417e+00,
        6.58513641e-01, 7.90216369e+00, 2.82220132e-01, 3.01034807e+00,
        1.88146754e-01, 5.64440263e-01, 1.31702728e+00, 4.70366886e-01],
       [1.26315789e+01, 6.10526316e+01, 1.05263158e+00, 3.15789474e+00,
        1.05263158e+00, 1.15789474e+01, 0.00000000e+00, 1.05263158e+00,
        0.00000000e+00, 1.05263158e+00, 5.26315789e+00, 2.10526316e+00],
       [1.08108108e+01, 2.70270270e+00, 6.75675676e+01, 2.70270270e+00,
        0.00000000e+00, 1.08108108e+01, 2.70270270e+00, 0.00000000e+00,
        0.00000000e+00, 0.00000000e+00, 2.70270270e+00, 0.00000000e+00],
       [8.19672131e+00, 8.19672131e-01, 0.00000000e+00, 7.95081967e+01,
        8.19672131e-01, 3.27868852e+00, 8.19672131e-01, 8.19672131e-01,
        0.00000000e+00, 1.63934426e+00, 1.63934426e+00, 2.45901639e+00],
       [8.62068966e-01, 8.62068966e-01, 0.00000000e+00, 0.00000000e+00,
        7.75862069e+01, 2.01149425e+00, 0.00000000e+00, 1.72413793e+00,
        8.62068966e-01, 8.62068966e+00, 1.14942529e+00, 6.32183908e+00],
       [5.65770863e+00, 7.07213579e-01, 7.07213579e-02, 3.53606789e-01,
        1.41442716e-01, 8.69872702e+01, 2.12164074e-01, 3.74823197e+00,
        7.07213579e-02, 6.36492221e-01, 1.13154173e+00, 2.82885431e-01],
       [1.04651163e+01, 2.32558140e+00, 0.00000000e+00, 4.65116279e+00,
        0.00000000e+00, 6.97674419e+00, 6.97674419e+01, 2.32558140e+00,
        0.00000000e+00, 0.00000000e+00, 1.16279070e+00, 2.32558140e+00],
       [3.82830626e+00, 4.64037123e-01, 1.16009281e-01, 0.00000000e+00,
        3.48027842e-01, 6.61252900e+00, 2.32018561e-01, 8.39907193e+01,
        2.32018561e-01, 1.16009281e+00, 1.97215777e+00, 1.04408353e+00],
       [4.00000000e+00, 0.00000000e+00, 0.00000000e+00, 0.00000000e+00,
        1.20000000e+01, 4.00000000e+00, 0.00000000e+00, 0.00000000e+00,
        6.00000000e+01, 1.20000000e+01, 4.00000000e+00, 4.00000000e+00],
       [3.12500000e+00, 1.25000000e+00, 0.00000000e+00, 0.00000000e+00,
        2.12500000e+01, 6.25000000e-01, 0.00000000e+00, 4.37500000e+00,
        6.25000000e-01, 6.43750000e+01, 4.37500000e+00, 0.00000000e+00],
       [9.56937799e+00, 1.43540670e+00, 0.00000000e+00, 9.56937799e-01,
        9.56937799e-01, 5.74162679e+00, 4.78468900e-01, 7.65550239e+00,
        4.78468900e-01, 4.78468900e-01, 7.03349282e+01, 1.91387560e+00],
       [1.06382979e+00, 3.54609929e-01, 0.00000000e+00, 0.00000000e+00,
        6.73758865e+00, 2.48226950e+00, 3.54609929e-01, 2.83687943e+00,
        0.00000000e+00, 7.09219858e-01, 1.41843972e+00, 8.40425532e+01]])}, 'Naive Bayes': {'absolute': array([[ 52,  21,   8,   7, 509,  39, 281,  46,  39,   4,   2,  55],
       [  5,   4,   2,   0,  59,   3,  13,   2,   0,   0,   0,   7],
       [  2,   1,   0,   0,  19,   0,  12,   2,   0,   0,   0,   1],
       [  3,   6,   1,  32,  56,   1,   8,   0,   4,   0,   1,  10],
       [  1,   1,   1,   0, 322,   0,   8,   1,   2,   1,   0,  11],
       [ 29,  18,  16,   5, 535, 279, 376,   9,  41,   3,   6,  97],
       [  4,   1,   0,   1,  12,   0,  60,   3,   2,   0,   0,   3],
       [  9,   1,   4,   7, 552,   6, 162,   7,  44,   4,   2,  64],
       [  1,   0,   0,   0,  18,   0,   1,   0,   2,   0,   0,   3],
       [  2,   1,   1,   4, 122,   1,   2,   6,   1,  10,   0,  10],
       [  5,   4,   5,   3, 119,   0,  35,   7,   1,   2,  24,   4],
       [  1,   5,   0,   0, 204,   4,   4,   2,   3,   1,   0,  58]]), 'relative': array([[ 4.89181562,  1.97554092,  0.75258702,  0.65851364, 47.88334901,
         3.66886171, 26.434619  ,  4.32737535,  3.66886171,  0.37629351,
         0.18814675,  5.17403575],
       [ 5.26315789,  4.21052632,  2.10526316,  0.        , 62.10526316,
         3.15789474, 13.68421053,  2.10526316,  0.        ,  0.        ,
         0.        ,  7.36842105],
       [ 5.40540541,  2.7027027 ,  0.        ,  0.        , 51.35135135,
         0.        , 32.43243243,  5.40540541,  0.        ,  0.        ,
         0.        ,  2.7027027 ],
       [ 2.45901639,  4.91803279,  0.81967213, 26.2295082 , 45.90163934,
         0.81967213,  6.55737705,  0.        ,  3.27868852,  0.        ,
         0.81967213,  8.19672131],
       [ 0.28735632,  0.28735632,  0.28735632,  0.        , 92.52873563,
         0.        ,  2.29885057,  0.28735632,  0.57471264,  0.28735632,
         0.        ,  3.16091954],
       [ 2.05091938,  1.27298444,  1.13154173,  0.35360679, 37.83592645,
        19.73125884, 26.59123055,  0.63649222,  2.89957567,  0.21216407,
         0.42432815,  6.85997171],
       [ 4.65116279,  1.1627907 ,  0.        ,  1.1627907 , 13.95348837,
         0.        , 69.76744186,  3.48837209,  2.3255814 ,  0.        ,
         0.        ,  3.48837209],
       [ 1.04408353,  0.11600928,  0.46403712,  0.81206497, 64.03712297,
         0.69605568, 18.79350348,  0.81206497,  5.10440835,  0.46403712,
         0.23201856,  7.42459397],
       [ 4.        ,  0.        ,  0.        ,  0.        , 72.        ,
         0.        ,  4.        ,  0.        ,  8.        ,  0.        ,
         0.        , 12.        ],
       [ 1.25      ,  0.625     ,  0.625     ,  2.5       , 76.25      ,
         0.625     ,  1.25      ,  3.75      ,  0.625     ,  6.25      ,
         0.        ,  6.25      ],
       [ 2.3923445 ,  1.9138756 ,  2.3923445 ,  1.4354067 , 56.93779904,
         0.        , 16.74641148,  3.3492823 ,  0.4784689 ,  0.9569378 ,
        11.48325359,  1.9138756 ],
       [ 0.35460993,  1.77304965,  0.        ,  0.        , 72.34042553,
         1.41843972,  1.41843972,  0.70921986,  1.06382979,  0.35460993,
         0.        , 20.56737589]])}, 'Feed Forward Neural Network': {'absolute': array([[274,   0,   0, 201,  41,  31,   3, 435,   0,   2,   2,  74],
       [ 31,   0,   0,  10,   4,   8,   0,  28,   0,   0,   0,  14],
       [  9,   0,   0,   6,   1,   1,   0,  18,   0,   0,   0,   2],
       [ 20,   0,   0,  41,   7,   1,   0,  21,   0,   0,   1,  31],
       [166,   0,   0,   8,  38,   0,   0, 110,   0,   2,   0,  24],
       [379,   0,   0, 123,  35, 467,   2, 335,   0,   1,   4,  68],
       [ 16,   0,   0,  14,   2,   0,   3,  46,   0,   0,   0,   5],
       [142,   0,   0,  52,  11,   8,   1, 590,   0,   1,   4,  53],
       [  7,   0,   0,   0,   2,   0,   0,   9,   0,   0,   0,   7],
       [ 64,   0,   0,  14,  15,   1,   0,  45,   0,   8,   1,  12],
       [ 32,   0,   0,  21,  34,   2,   1,  81,   0,   3,   8,  27],
       [ 38,   0,   0,  11,  25,   0,   0,  86,   0,   0,   0, 122]]), 'relative': array([[25.77610536,  0.        ,  0.        , 18.90874882,  3.85700847,
         2.91627469,  0.28222013, 40.9219191 ,  0.        ,  0.18814675,
         0.18814675,  6.96142992],
       [32.63157895,  0.        ,  0.        , 10.52631579,  4.21052632,
         8.42105263,  0.        , 29.47368421,  0.        ,  0.        ,
         0.        , 14.73684211],
       [24.32432432,  0.        ,  0.        , 16.21621622,  2.7027027 ,
         2.7027027 ,  0.        , 48.64864865,  0.        ,  0.        ,
         0.        ,  5.40540541],
       [16.39344262,  0.        ,  0.        , 33.60655738,  5.73770492,
         0.81967213,  0.        , 17.21311475,  0.        ,  0.        ,
         0.81967213, 25.40983607],
       [47.70114943,  0.        ,  0.        ,  2.29885057, 10.91954023,
         0.        ,  0.        , 31.6091954 ,  0.        ,  0.57471264,
         0.        ,  6.89655172],
       [26.80339463,  0.        ,  0.        ,  8.69872702,  2.47524752,
        33.02687412,  0.14144272, 23.69165488,  0.        ,  0.07072136,
         0.28288543,  4.80905233],
       [18.60465116,  0.        ,  0.        , 16.27906977,  2.3255814 ,
         0.        ,  3.48837209, 53.48837209,  0.        ,  0.        ,
         0.        ,  5.81395349],
       [16.47331787,  0.        ,  0.        ,  6.0324826 ,  1.27610209,
         0.92807425,  0.11600928, 68.44547564,  0.        ,  0.11600928,
         0.46403712,  6.14849188],
       [28.        ,  0.        ,  0.        ,  0.        ,  8.        ,
         0.        ,  0.        , 36.        ,  0.        ,  0.        ,
         0.        , 28.        ],
       [40.        ,  0.        ,  0.        ,  8.75      ,  9.375     ,
         0.625     ,  0.        , 28.125     ,  0.        ,  5.        ,
         0.625     ,  7.5       ],
       [15.31100478,  0.        ,  0.        , 10.04784689, 16.26794258,
         0.9569378 ,  0.4784689 , 38.75598086,  0.        ,  1.4354067 ,
         3.8277512 , 12.91866029],
       [13.4751773 ,  0.        ,  0.        ,  3.90070922,  8.86524823,
         0.        ,  0.        , 30.4964539 ,  0.        ,  0.        ,
         0.        , 43.26241135]])}, 'Majority Class (baseline)': {'absolute': array([[   0,    0,    0,    0,    0, 1063,    0,    0,    0,    0,    0,
           0],
       [   0,    0,    0,    0,    0,   95,    0,    0,    0,    0,    0,
           0],
       [   0,    0,    0,    0,    0,   37,    0,    0,    0,    0,    0,
           0],
       [   0,    0,    0,    0,    0,  122,    0,    0,    0,    0,    0,
           0],
       [   0,    0,    0,    0,    0,  348,    0,    0,    0,    0,    0,
           0],
       [   0,    0,    0,    0,    0, 1414,    0,    0,    0,    0,    0,
           0],
       [   0,    0,    0,    0,    0,   86,    0,    0,    0,    0,    0,
           0],
       [   0,    0,    0,    0,    0,  862,    0,    0,    0,    0,    0,
           0],
       [   0,    0,    0,    0,    0,   25,    0,    0,    0,    0,    0,
           0],
       [   0,    0,    0,    0,    0,  160,    0,    0,    0,    0,    0,
           0],
       [   0,    0,    0,    0,    0,  209,    0,    0,    0,    0,    0,
           0],
       [   0,    0,    0,    0,    0,  282,    0,    0,    0,    0,    0,
           0]]), 'relative': array([[  0.,   0.,   0.,   0.,   0., 100.,   0.,   0.,   0.,   0.,   0.,
          0.],
       [  0.,   0.,   0.,   0.,   0., 100.,   0.,   0.,   0.,   0.,   0.,
          0.],
       [  0.,   0.,   0.,   0.,   0., 100.,   0.,   0.,   0.,   0.,   0.,
          0.],
       [  0.,   0.,   0.,   0.,   0., 100.,   0.,   0.,   0.,   0.,   0.,
          0.],
       [  0.,   0.,   0.,   0.,   0., 100.,   0.,   0.,   0.,   0.,   0.,
          0.],
       [  0.,   0.,   0.,   0.,   0., 100.,   0.,   0.,   0.,   0.,   0.,
          0.],
       [  0.,   0.,   0.,   0.,   0., 100.,   0.,   0.,   0.,   0.,   0.,
          0.],
       [  0.,   0.,   0.,   0.,   0., 100.,   0.,   0.,   0.,   0.,   0.,
          0.],
       [  0.,   0.,   0.,   0.,   0., 100.,   0.,   0.,   0.,   0.,   0.,
          0.],
       [  0.,   0.,   0.,   0.,   0., 100.,   0.,   0.,   0.,   0.,   0.,
          0.],
       [  0.,   0.,   0.,   0.,   0., 100.,   0.,   0.,   0.,   0.,   0.,
          0.],
       [  0.,   0.,   0.,   0.,   0., 100.,   0.,   0.,   0.,   0.,   0.,
          0.]])}}, {'tree_based':                                                Feature  Importance
116  API_DeviceData_android.content.ContentResolver...    0.070103
83   API_DeviceInfo_android.net.wifi.WifiInfo_getMa...    0.069078
117  API_DeviceData_android.content.ContentResolver...    0.040054
96             API_Network_java.net.URL_openConnection    0.039157
3                                  Memory_PrivateDirty    0.034355
..                                                 ...         ...
15                                Memory_AssetManagers    0.000000
114  API_SMS_android.telephony.SmsManager_sendMulti...    0.000000
65   API_IPC_android.content.ContextWrapper_sendSti...    0.000000
29      API_JavaNativeInterface_java.lang.Runtime_load    0.000000
95   API_DeviceInfo_android.content.pm.PackageManag...    0.000000

[142 rows x 2 columns]}), 'in_tuning_runner': None, 'post_tuning_runner': None}
