2025-05-10 15:08:45,125 - my_logger - INFO - Pipeline runner started at 2025-05-10 15:08:45
2025-05-10 15:08:46,346 - my_logger - INFO - 'dataset' returned: (   train_size (%)  train_size_count  validation_size (%)  validation_size_count  test_size (%)  test_size_coount  currentSE  differenceToPriorSE  differenceToPriorSE (%)
0            0.95           44680.0                0.025                 1176.0          0.025            1176.0   0.010412             0.010412                      inf
1            0.90           42329.0                0.050                 2352.0          0.050            2352.0   0.007363            -0.003050                -0.292893
2            0.85           39977.0                0.075                 3527.0          0.075            3527.0   0.006012            -0.001350                -0.183388
3            0.80           37626.0                0.100                 4703.0          0.100            4703.0   0.005207            -0.000806                -0.134005
4            0.75           35274.0                0.125                 5879.0          0.125            5879.0   0.004657            -0.000550                -0.105592
5            0.70           32922.0                0.150                 7055.0          0.150            7055.0   0.004251            -0.000406                -0.087142
6            0.65           30571.0                0.175                 8231.0          0.175            8231.0   0.003936            -0.000315                -0.074189
7            0.60           28219.0                0.200                 9406.0          0.200            9406.0   0.003682            -0.000254                -0.064543
8            0.55           25868.0                0.225                10582.0          0.225           10582.0   0.003471            -0.000211                -0.057202
9            0.50           23516.0                0.250                11758.0          0.250           11758.0   0.003293            -0.000178                -0.051326, {'Memory_PssTotal': {6520: 43041, 2425: 125178, 44969: 43428, 50354: 34651, 21242: 80981}, 'Memory_PssClean': {6520: 6544, 2425: 31456, 44969: 2288, 50354: 804, 21242: 32356}, 'Memory_SharedDirty': {6520: 12304, 2425: 12704, 44969: 10748, 50354: 11008, 21242: 10760}, 'Memory_PrivateDirty': {6520: 28616, 2425: 84372, 44969: 32624, 50354: 29224, 21242: 37032}, 'Memory_SharedClean': {6520: 93928, 2425: 85144, 44969: 84988, 50354: 73772, 21242: 92240}, 'Memory_PrivateClean': {6520: 6556, 2425: 32908, 44969: 4792, 50354: 812, 21242: 33756}, 'Memory_SwapPssDirty': {6520: 0, 2425: 0, 44969: 0, 50354: 0, 21242: 0}, 'Memory_HeapSize': {6520: 14237, 2425: 36882, 44969: 19668, 50354: 8070, 21242: 10749}, 'Memory_HeapAlloc': {6520: 12368, 2425: 29212, 44969: 16381, 50354: 6645, 21242: 9088}, 'Memory_HeapFree': {6520: 1868, 2425: 7669, 44969: 3286, 50354: 1424, 21242: 1660}, 'Memory_Views': {6520: 7, 2425: 62, 44969: 44, 50354: 0, 21242: 12}, 'Memory_ViewRootImpl': {6520: 1, 2425: 1, 44969: 3, 50354: 0, 21242: 0}, 'Memory_AppContexts': {6520: 5, 2425: 4, 44969: 5, 50354: 4, 21242: 4}, 'Memory_Activities': {6520: 1, 2425: 1, 44969: 2, 50354: 0, 21242: 1}, 'Memory_Assets': {6520: 2, 2425: 4, 44969: 2, 50354: 2, 21242: 4}, 'Memory_AssetManagers': {6520: 0, 2425: 0, 44969: 0, 50354: 0, 21242: 0}, 'Memory_LocalBinders': {6520: 16, 2425: 37, 44969: 11, 50354: 4, 21242: 14}, 'Memory_ProxyBinders': {6520: 29, 2425: 36, 44969: 29, 50354: 24, 21242: 29}, 'Memory_ParcelMemory': {6520: 8, 2425: 9, 44969: 6, 50354: 4, 21242: 11}, 'Memory_ParcelCount': {6520: 19, 2425: 36, 44969: 24, 50354: 16, 21242: 31}, 'Memory_DeathRecipients': {6520: 0, 2425: 3, 44969: 0, 50354: 0, 21242: 0}, 'Memory_OpenSSLSockets': {6520: 0, 2425: 0, 44969: 0, 50354: 0, 21242: 0}, 'Memory_WebViews': {6520: 0, 2425: 3, 44969: 0, 50354: 0, 21242: 1}, 'API_Process_android.os.Process_start': {6520: 0, 2425: 0, 44969: 0, 50354: 0, 21242: 0}, 'API_Process_android.app.ActivityManager_killBackgroundProcesses': {6520: 0, 2425: 0, 44969: 0, 50354: 0, 21242: 0}, 'API_Process_android.os.Process_killProcess': {6520: 0, 2425: 0, 44969: 0, 50354: 0, 21242: 0}, 'API_Command_java.lang.Runtime_exec': {6520: 0, 2425: 0, 44969: 0, 50354: 0, 21242: 144}, 'API_Command_java.lang.ProcessBuilder_start': {6520: 0, 2425: 0, 44969: 0, 50354: 0, 21242: 48}, 'API_JavaNativeInterface_java.lang.Runtime_loadLibrary': {6520: 0, 2425: 0, 44969: 0, 50354: 0, 21242: 0}, 'API_JavaNativeInterface_java.lang.Runtime_load': {6520: 0, 2425: 0, 44969: 0, 50354: 0, 21242: 0}, 'API_WebView_android.webkit.WebView_loadUrl': {6520: 0, 2425: 15, 44969: 0, 50354: 0, 21242: 0}, 'API_WebView_android.webkit.WebView_loadData': {6520: 0, 2425: 0, 44969: 0, 50354: 0, 21242: 0}, 'API_WebView_android.webkit.WebView_loadDataWithBaseURL': {6520: 0, 2425: 0, 44969: 0, 50354: 0, 21242: 0}, 'API_WebView_android.webkit.WebView_addJavascriptInterface': {6520: 0, 2425: 5, 44969: 0, 50354: 0, 21242: 0}, 'API_WebView_android.webkit.WebView_evaluateJavascript': {6520: 0, 2425: 0, 44969: 0, 50354: 0, 21242: 0}, 'API_WebView_android.webkit.WebView_postUrl': {6520: 0, 2425: 0, 44969: 0, 50354: 0, 21242: 0}, 'API_WebView_android.webkit.WebView_postWebMessage': {6520: 0, 2425: 0, 44969: 0, 50354: 0, 21242: 0}, 'API_WebView_android.webkit.WebView_savePassword': {6520: 0, 2425: 0, 44969: 0, 50354: 0, 21242: 0}, 'API_WebView_android.webkit.WebView_setHttpAuthUsernamePassword': {6520: 0, 2425: 0, 44969: 0, 50354: 0, 21242: 0}, 'API_WebView_android.webkit.WebView_getHttpAuthUsernamePassword': {6520: 0, 2425: 0, 44969: 0, 50354: 0, 21242: 0}, 'API_WebView_android.webkit.WebView_setWebContentsDebuggingEnabled': {6520: 0, 2425: 0, 44969: 0, 50354: 0, 21242: 0}, 'API_FileIO_libcore.io.IoBridge_open': {6520: 0, 2425: 3, 44969: 0, 50354: 0, 21242: 17}, 'API_FileIO_android.content.ContextWrapper_openFileInput': {6520: 0, 2425: 2, 44969: 0, 50354: 0, 21242: 12}, 'API_FileIO_android.content.ContextWrapper_openFileOutput': {6520: 1, 2425: 2, 44969: 0, 50354: 0, 21242: 0}, 'API_FileIO_android.content.ContextWrapper_deleteFile': {6520: 0, 2425: 0, 44969: 0, 50354: 0, 21242: 4}, 'API_Database_android.content.ContextWrapper_openOrCreateDatabase': {6520: 0, 2425: 0, 44969: 0, 50354: 0, 21242: 0}, 'API_Database_android.content.ContextWrapper_databaseList': {6520: 1, 2425: 0, 44969: 0, 50354: 0, 21242: 0}, 'API_Database_android.content.ContextWrapper_deleteDatabase': {6520: 0, 2425: 0, 44969: 0, 50354: 0, 21242: 0}, 'API_Database_android.database.sqlite.SQLiteDatabase_execSQL': {6520: 0, 2425: 0, 44969: 0, 50354: 0, 21242: 10}, 'API_Database_android.database.sqlite.SQLiteDatabase_deleteDatabase': {6520: 0, 2425: 0, 44969: 0, 50354: 0, 21242: 0}, 'API_Database_android.database.sqlite.SQLiteDatabase_getPath': {6520: 0, 2425: 0, 44969: 0, 50354: 0, 21242: 186}, 'API_Database_android.database.sqlite.SQLiteDatabase_insert': {6520: 0, 2425: 0, 44969: 0, 50354: 0, 21242: 0}, 'API_Database_android.database.sqlite.SQLiteDatabase_insertOrThrow': {6520: 0, 2425: 0, 44969: 0, 50354: 0, 21242: 0}, 'API_Database_android.database.sqlite.SQLiteDatabase_insertWithOnConflict': {6520: 0, 2425: 0, 44969: 0, 50354: 0, 21242: 0}, 'API_Database_android.database.sqlite.SQLiteDatabase_openDatabase': {6520: 0, 2425: 0, 44969: 0, 50354: 0, 21242: 60}, 'API_Database_android.database.sqlite.SQLiteDatabase_openOrCreateDatabase': {6520: 0, 2425: 0, 44969: 0, 50354: 0, 21242: 0}, 'API_Database_android.database.sqlite.SQLiteDatabase_query': {6520: 0, 2425: 0, 44969: 0, 50354: 0, 21242: 0}, 'API_Database_android.database.sqlite.SQLiteDatabase_queryWithFactory': {6520: 0, 2425: 0, 44969: 0, 50354: 0, 21242: 0}, 'API_Database_android.database.sqlite.SQLiteDatabase_rawQuery': {6520: 0, 2425: 0, 44969: 0, 50354: 0, 21242: 126}, 'API_Database_android.database.sqlite.SQLiteDatabase_rawQueryWithFactory': {6520: 0, 2425: 0, 44969: 0, 50354: 0, 21242: 126}, 'API_Database_android.database.sqlite.SQLiteDatabase_update': {6520: 0, 2425: 0, 44969: 0, 50354: 0, 21242: 0}, 'API_Database_android.database.sqlite.SQLiteDatabase_updateWithOnConflict': {6520: 0, 2425: 0, 44969: 0, 50354: 0, 21242: 0}, 'API_Database_android.database.sqlite.SQLiteDatabase_compileStatement': {6520: 0, 2425: 0, 44969: 0, 50354: 0, 21242: 60}, 'API_Database_android.database.sqlite.SQLiteDatabase_create': {6520: 0, 2425: 0, 44969: 0, 50354: 0, 21242: 0}, 'API_IPC_android.content.ContextWrapper_sendBroadcast': {6520: 0, 2425: 0, 44969: 0, 50354: 0, 21242: 19}, 'API_IPC_android.content.ContextWrapper_sendStickyBroadcast': {6520: 0, 2425: 0, 44969: 0, 50354: 0, 21242: 0}, 'API_IPC_android.content.ContextWrapper_startActivity': {6520: 0, 2425: 0, 44969: 0, 50354: 0, 21242: 0}, 'API_IPC_android.content.ContextWrapper_startService': {6520: 14, 2425: 0, 44969: 0, 50354: 1, 21242: 4}, 'API_IPC_android.content.ContextWrapper_stopService': {6520: 0, 2425: 0, 44969: 0, 50354: 0, 21242: 0}, 'API_IPC_android.content.ContextWrapper_registerReceiver': {6520: 17, 2425: 29, 44969: 0, 50354: 1, 21242: 195}, 'API_Binder_android.app.ContextImpl_registerReceiver': {6520: 34, 2425: 31, 44969: 0, 50354: 2, 21242: 195}, 'API_Binder_android.app.ActivityThread_handleReceiver': {6520: 0, 2425: 0, 44969: 0, 50354: 0, 21242: 18}, 'API_Binder_android.app.Activity_startActivity': {6520: 0, 2425: 0, 44969: 0, 50354: 0, 21242: 0}, 'API_Crypto_javax.crypto.spec.SecretKeySpec_$init': {6520: 0, 2425: 0, 44969: 0, 50354: 0, 21242: 487}, 'API_Crypto_javax.crypto.Cipher_doFinal': {6520: 0, 2425: 0, 44969: 0, 50354: 0, 21242: 504}, 'API_Crypto-Hash_java.security.MessageDigest_digest': {6520: 4, 2425: 257, 44969: 2, 50354: 2, 21242: 293}, 'API_Crypto-Hash_java.security.MessageDigest_update': {6520: 3, 2425: 155, 44969: 2, 50354: 2, 21242: 193}, 'API_DeviceInfo_android.telephony.TelephonyManager_getDeviceId': {6520: 0, 2425: 0, 44969: 4, 50354: 0, 21242: 174}, 'API_DeviceInfo_android.telephony.TelephonyManager_getSubscriberId': {6520: 0, 2425: 0, 44969: 0, 50354: 0, 21242: 164}, 'API_DeviceInfo_android.telephony.TelephonyManager_getLine1Number': {6520: 0, 2425: 0, 44969: 0, 50354: 0, 21242: 38}, 'API_DeviceInfo_android.telephony.TelephonyManager_getNetworkOperator': {6520: 0, 2425: 0, 44969: 0, 50354: 0, 21242: 0}, 'API_DeviceInfo_android.telephony.TelephonyManager_getNetworkOperatorName': {6520: 0, 2425: 0, 44969: 0, 50354: 0, 21242: 64}, 'API_DeviceInfo_android.telephony.TelephonyManager_getSimOperatorName': {6520: 0, 2425: 0, 44969: 0, 50354: 0, 21242: 0}, 'API_DeviceInfo_android.net.wifi.WifiInfo_getMacAddress': {6520: 0, 2425: 0, 44969: 0, 50354: 0, 21242: 21}, 'API_DeviceInfo_android.net.wifi.WifiInfo_getBSSID': {6520: 0, 2425: 0, 44969: 0, 50354: 0, 21242: 0}, 'API_DeviceInfo_android.net.wifi.WifiInfo_getIpAddress': {6520: 0, 2425: 0, 44969: 0, 50354: 0, 21242: 0}, 'API_DeviceInfo_android.net.wifi.WifiInfo_getNetworkId': {6520: 0, 2425: 0, 44969: 0, 50354: 0, 21242: 0}, 'API_DeviceInfo_android.telephony.TelephonyManager_getSimCountryIso': {6520: 0, 2425: 0, 44969: 0, 50354: 0, 21242: 0}, 'API_DeviceInfo_android.telephony.TelephonyManager_getSimSerialNumber': {6520: 0, 2425: 0, 44969: 0, 50354: 0, 21242: 0}, 'API_DeviceInfo_android.telephony.TelephonyManager_getNetworkCountryIso': {6520: 0, 2425: 3, 44969: 0, 50354: 0, 21242: 17}, 'API_DeviceInfo_android.telephony.TelephonyManager_getDeviceSoftwareVersion': {6520: 0, 2425: 0, 44969: 0, 50354: 0, 21242: 0}, 'API_DeviceInfo_android.os.Debug_isDebuggerConnected': {6520: 0, 2425: 0, 44969: 0, 50354: 0, 21242: 0}, 'API_DeviceInfo_android.content.pm.PackageManager_getInstallerPackageName': {6520: 0, 2425: 0, 44969: 0, 50354: 0, 21242: 0}, 'API_DeviceInfo_android.content.pm.PackageManager_getInstalledApplications': {6520: 0, 2425: 0, 44969: 0, 50354: 0, 21242: 0}, 'API_DeviceInfo_android.content.pm.PackageManager_getInstalledModules': {6520: 0, 2425: 0, 44969: 0, 50354: 0, 21242: 0}, 'API_DeviceInfo_android.content.pm.PackageManager_getInstalledPackages': {6520: 0, 2425: 0, 44969: 0, 50354: 0, 21242: 0}, 'API_Network_java.net.URL_openConnection': {6520: 34, 2425: 18, 44969: 0, 50354: 2, 21242: 59}, 'API_Network_org.apache.http.impl.client.AbstractHttpClient_execute': {6520: 0, 2425: 0, 44969: 0, 50354: 0, 21242: 0}, 'API_Network_com.android.okhttp.internal.huc.HttpURLConnectionImpl_getInputStream': {6520: 18, 2425: 2, 44969: 0, 50354: 0, 21242: 18}, 'API_Network_com.android.okhttp.internal.http.HttpURLConnectionImpl_getInputStream': {6520: 0, 2425: 0, 44969: 0, 50354: 0, 21242: 0}, 'API_DexClassLoader_dalvik.system.BaseDexClassLoader_findResource': {6520: 1, 2425: 0, 44969: 7, 50354: 0, 21242: 0}, 'API_DexClassLoader_dalvik.system.BaseDexClassLoader_findResources': {6520: 0, 2425: 0, 44969: 0, 50354: 0, 21242: 0}, 'API_DexClassLoader_dalvik.system.BaseDexClassLoader_findLibrary': {6520: 0, 2425: 2, 44969: 0, 50354: 0, 21242: 54}, 'API_DexClassLoader_dalvik.system.DexFile_loadDex': {6520: 0, 2425: 0, 44969: 0, 50354: 0, 21242: 0}, 'API_DexClassLoader_dalvik.system.DexFile_loadClass': {6520: 0, 2425: 0, 44969: 0, 50354: 0, 21242: 0}, 'API_DexClassLoader_dalvik.system.DexClassLoader_$init': {6520: 0, 2425: 0, 44969: 0, 50354: 0, 21242: 0}, 'API_Base64_android.util.Base64_decode': {6520: 0, 2425: 2, 44969: 0, 50354: 0, 21242: 36}, 'API_Base64_android.util.Base64_encode': {6520: 0, 2425: 0, 44969: 0, 50354: 0, 21242: 65}, 'API_Base64_android.util.Base64_encodeToString': {6520: 0, 2425: 0, 44969: 0, 50354: 0, 21242: 65}, 'API_SystemManager_android.app.ApplicationPackageManager_setComponentEnabledSetting': {6520: 0, 2425: 0, 44969: 0, 50354: 0, 21242: 0}, 'API_SystemManager_android.app.NotificationManager_notify': {6520: 0, 2425: 0, 44969: 0, 50354: 0, 21242: 0}, 'API_SystemManager_android.telephony.TelephonyManager_listen': {6520: 0, 2425: 0, 44969: 0, 50354: 0, 21242: 0}, 'API_SystemManager_android.content.BroadcastReceiver_abortBroadcast': {6520: 0, 2425: 0, 44969: 0, 50354: 0, 21242: 0}, 'API_SMS_android.telephony.SmsManager_sendTextMessage': {6520: 0, 2425: 0, 44969: 0, 50354: 0, 21242: 0}, 'API_SMS_android.telephony.SmsManager_sendMultipartTextMessage': {6520: 0, 2425: 0, 44969: 0, 50354: 0, 21242: 0}, 'API_DeviceData_android.content.ContentResolver_query': {6520: 0, 2425: 0, 44969: 0, 50354: 0, 21242: 0}, 'API_DeviceData_android.content.ContentResolver_registerContentObserver': {6520: 0, 2425: 20, 44969: 0, 50354: 0, 21242: 0}, 'API_DeviceData_android.content.ContentResolver_insert': {6520: 0, 2425: 0, 44969: 0, 50354: 0, 21242: 0}, 'API_DeviceData_android.content.ContentResolver_delete': {6520: 0, 2425: 0, 44969: 0, 50354: 0, 21242: 0}, 'API_DeviceData_android.accounts.AccountManager_getAccountsByType': {6520: 0, 2425: 0, 44969: 0, 50354: 0, 21242: 0}, 'API_DeviceData_android.accounts.AccountManager_getAccounts': {6520: 0, 2425: 0, 44969: 0, 50354: 0, 21242: 0}, 'API_DeviceData_android.location.Location_getLatitude': {6520: 0, 2425: 0, 44969: 0, 50354: 0, 21242: 0}, 'API_DeviceData_android.location.Location_getLongitude': {6520: 0, 2425: 0, 44969: 0, 50354: 0, 21242: 0}, 'API_DeviceData_android.media.AudioRecord_startRecording': {6520: 0, 2425: 0, 44969: 0, 50354: 0, 21242: 0}, 'API_DeviceData_android.media.MediaRecorder_start': {6520: 0, 2425: 0, 44969: 0, 50354: 0, 21242: 0}, 'API_DeviceData_android.os.SystemProperties_get': {6520: 19, 2425: 4, 44969: 2, 50354: 32, 21242: 115}, 'API_DeviceData_android.app.ApplicationPackageManager_getInstalledPackages': {6520: 0, 2425: 0, 44969: 0, 50354: 0, 21242: 19}, 'API__sessions': {6520: 17, 2425: 1, 44969: 1, 50354: 1, 21242: 17}, 'Network_TotalReceivedBytes': {6520: 19760, 2425: 395700, 44969: 0, 50354: 0, 21242: 0}, 'Network_TotalReceivedPackets': {6520: 85, 2425: 500, 44969: 0, 50354: 0, 21242: 0}, 'Network_TotalTransmittedBytes': {6520: 8654, 2425: 61816, 44969: 720, 50354: 0, 21242: 0}, 'Network_TotalTransmittedPackets': {6520: 103, 2425: 512, 44969: 12, 50354: 0, 21242: 0}, 'Battery_wakelock': {6520: 3, 2425: 3, 44969: 3, 50354: 4, 21242: 4}, 'Battery_service': {6520: 2, 2425: 0, 44969: 0, 50354: 1, 21242: 1}, 'Logcat_info': {6520: 3024, 2425: 1724, 44969: 1376, 50354: 1468, 21242: 1271}, 'Logcat_error': {6520: 4730, 2425: 2295, 44969: 649, 50354: 466, 21242: 4007}, 'Logcat_warning': {6520: 1510, 2425: 752, 44969: 1478, 50354: 4828, 21242: 3247}, 'Logcat_debug': {6520: 1127, 2425: 11157, 44969: 2121, 50354: 1355, 21242: 1885}, 'Logcat_verbose': {6520: 4815, 2425: 1514, 44969: 1709, 50354: 1511, 21242: 4913}, 'Logcat_total': {6520: 15206, 2425: 17442, 44969: 7333, 50354: 9628, 21242: 15323}, 'Process_total': {6520: 186, 2425: 190, 44969: 187, 50354: 188, 21242: 183}, 'Reboot': {6520: 'before', 2425: 'before', 44969: 'before', 50354: 'before', 21242: 'before'}})
2025-05-10 15:09:04,135 - my_logger - INFO - 'data_preprocessing' returned: {'not_baseline': {'ensembled': 'Handled missing values : No missing values found in the dataset; Duplicates analyzed : There are 0 duplicates in the dataset; Outliers detected by percentile : There are 125 features with outliers out of 142 numerical features (88.03%)New X_train shape: (37625, 142) and y_train shape: (37625,); Features scaled with robust : Successfully scaled 142 features. Plotted distributions for the first 5 features.\nTo check the results run:\n your_pipeline.dataset.X_train.head(); Class imbalance: No imbalancer performed', 'tree_based': 'Handled missing values : No missing values found in the dataset; Duplicates analyzed : There are 0 duplicates in the dataset; Outliers detected by percentile : There are 125 features with outliers out of 142 numerical features (88.03%)New X_train shape: (37625, 142) and y_train shape: (37625,); Features scaled with no_scaler : No scaling performed; Class imbalance: No imbalancer performed', 'support_vector_machine': 'Handled missing values : No missing values found in the dataset; Duplicates analyzed : There are 0 duplicates in the dataset; Outliers detected by percentile : There are 125 features with outliers out of 142 numerical features (88.03%)New X_train shape: (37625, 142) and y_train shape: (37625,); Features scaled with robust : Successfully scaled 142 features. Plotted distributions for the first 5 features.\nTo check the results run:\n your_pipeline.dataset.X_train.head(); Class imbalance: No imbalancer performed', 'naive_bayes': 'Handled missing values : No missing values found in the dataset; Duplicates analyzed : There are 0 duplicates in the dataset; Outliers detected by percentile : There are 125 features with outliers out of 142 numerical features (88.03%)New X_train shape: (37625, 142) and y_train shape: (37625,); Features scaled with standard : Successfully scaled 142 features. Plotted distributions for the first 5 features.\nTo check the results run:\n your_pipeline.dataset.X_train.head(); Class imbalance: Successfully balanced classes via SMOTE. Started with a 0.02:1 ratio; now 1:1.', 'feed_forward_neural_network': 'Handled missing values : No missing values found in the dataset; Duplicates analyzed : There are 0 duplicates in the dataset; Outliers detected by percentile : There are 125 features with outliers out of 142 numerical features (88.03%)New X_train shape: (37625, 142) and y_train shape: (37625,); Features scaled with robust : Successfully scaled 142 features. Plotted distributions for the first 5 features.\nTo check the results run:\n your_pipeline.dataset.X_train.head(); Class imbalance: No imbalancer performed', 'stacking': 'Handled missing values : No missing values found in the dataset; Duplicates analyzed : There are 0 duplicates in the dataset; Outliers detected by percentile : There are 125 features with outliers out of 142 numerical features (88.03%)New X_train shape: (37625, 142) and y_train shape: (37625,); Features scaled with robust : Successfully scaled 142 features. Plotted distributions for the first 5 features.\nTo check the results run:\n your_pipeline.dataset.X_train.head(); Class imbalance: No imbalancer performed'}, 'baseline': {'baselines': 'Handled missing values : No missing values found in the dataset; Duplicates analyzed : There are 0 duplicates in the dataset; Outliers detected by percentile : There are 125 features with outliers out of 142 numerical features (88.03%)New X_train shape: (37625, 142) and y_train shape: (37625,); Features scaled with robust : Successfully scaled 142 features. Plotted distributions for the first 5 features.\nTo check the results run:\n your_pipeline.dataset.X_train.head(); Class imbalance: Successfully balanced classes via SMOTE. Started with a 0.02:1 ratio; now 1:1.'}}
2025-05-10 15:09:05,141 - my_logger - INFO - 'feature_analysis' returned: {'feature_transformation_results': None, 'manual_feature_selection_results': None, 'automatic_feature_selection_results': None}
2025-05-10 15:11:37,193 - my_logger - INFO - 'modelling' returned: {'pre_tuning_runner': ({'id': {0: '4befebefd4f4f643dc75a7afad2b5e224a9bcf5a19eefab966ac17ee131036a7'}, 'timeStamp': {0: '2025-05-10 15:09:49'}, 'comments': {0: 'UPDATED KAPPA NAME IN THE CSV, ONE SECOND TIME'}, 'modelName': {0: 'Majority Class (baseline)'}, 'currentPhase': {0: 'pre'}, 'features_used': {0: ['Memory_PssTotal', 'Memory_PssClean', 'Memory_SharedDirty', 'Memory_PrivateDirty', 'Memory_SharedClean', 'Memory_PrivateClean', 'Memory_SwapPssDirty', 'Memory_HeapSize', 'Memory_HeapAlloc', 'Memory_HeapFree', 'Memory_Views', 'Memory_ViewRootImpl', 'Memory_AppContexts', 'Memory_Activities', 'Memory_Assets', 'Memory_AssetManagers', 'Memory_LocalBinders', 'Memory_ProxyBinders', 'Memory_ParcelMemory', 'Memory_ParcelCount', 'Memory_DeathRecipients', 'Memory_OpenSSLSockets', 'Memory_WebViews', 'API_Process_android.os.Process_start', 'API_Process_android.app.ActivityManager_killBackgroundProcesses', 'API_Process_android.os.Process_killProcess', 'API_Command_java.lang.Runtime_exec', 'API_Command_java.lang.ProcessBuilder_start', 'API_JavaNativeInterface_java.lang.Runtime_loadLibrary', 'API_JavaNativeInterface_java.lang.Runtime_load', 'API_WebView_android.webkit.WebView_loadUrl', 'API_WebView_android.webkit.WebView_loadData', 'API_WebView_android.webkit.WebView_loadDataWithBaseURL', 'API_WebView_android.webkit.WebView_addJavascriptInterface', 'API_WebView_android.webkit.WebView_evaluateJavascript', 'API_WebView_android.webkit.WebView_postUrl', 'API_WebView_android.webkit.WebView_postWebMessage', 'API_WebView_android.webkit.WebView_savePassword', 'API_WebView_android.webkit.WebView_setHttpAuthUsernamePassword', 'API_WebView_android.webkit.WebView_getHttpAuthUsernamePassword', 'API_WebView_android.webkit.WebView_setWebContentsDebuggingEnabled', 'API_FileIO_libcore.io.IoBridge_open', 'API_FileIO_android.content.ContextWrapper_openFileInput', 'API_FileIO_android.content.ContextWrapper_openFileOutput', 'API_FileIO_android.content.ContextWrapper_deleteFile', 'API_Database_android.content.ContextWrapper_openOrCreateDatabase', 'API_Database_android.content.ContextWrapper_databaseList', 'API_Database_android.content.ContextWrapper_deleteDatabase', 'API_Database_android.database.sqlite.SQLiteDatabase_execSQL', 'API_Database_android.database.sqlite.SQLiteDatabase_deleteDatabase', 'API_Database_android.database.sqlite.SQLiteDatabase_getPath', 'API_Database_android.database.sqlite.SQLiteDatabase_insert', 'API_Database_android.database.sqlite.SQLiteDatabase_insertOrThrow', 'API_Database_android.database.sqlite.SQLiteDatabase_insertWithOnConflict', 'API_Database_android.database.sqlite.SQLiteDatabase_openDatabase', 'API_Database_android.database.sqlite.SQLiteDatabase_openOrCreateDatabase', 'API_Database_android.database.sqlite.SQLiteDatabase_query', 'API_Database_android.database.sqlite.SQLiteDatabase_queryWithFactory', 'API_Database_android.database.sqlite.SQLiteDatabase_rawQuery', 'API_Database_android.database.sqlite.SQLiteDatabase_rawQueryWithFactory', 'API_Database_android.database.sqlite.SQLiteDatabase_update', 'API_Database_android.database.sqlite.SQLiteDatabase_updateWithOnConflict', 'API_Database_android.database.sqlite.SQLiteDatabase_compileStatement', 'API_Database_android.database.sqlite.SQLiteDatabase_create', 'API_IPC_android.content.ContextWrapper_sendBroadcast', 'API_IPC_android.content.ContextWrapper_sendStickyBroadcast', 'API_IPC_android.content.ContextWrapper_startActivity', 'API_IPC_android.content.ContextWrapper_startService', 'API_IPC_android.content.ContextWrapper_stopService', 'API_IPC_android.content.ContextWrapper_registerReceiver', 'API_Binder_android.app.ContextImpl_registerReceiver', 'API_Binder_android.app.ActivityThread_handleReceiver', 'API_Binder_android.app.Activity_startActivity', 'API_Crypto_javax.crypto.spec.SecretKeySpec_$init', 'API_Crypto_javax.crypto.Cipher_doFinal', 'API_Crypto-Hash_java.security.MessageDigest_digest', 'API_Crypto-Hash_java.security.MessageDigest_update', 'API_DeviceInfo_android.telephony.TelephonyManager_getDeviceId', 'API_DeviceInfo_android.telephony.TelephonyManager_getSubscriberId', 'API_DeviceInfo_android.telephony.TelephonyManager_getLine1Number', 'API_DeviceInfo_android.telephony.TelephonyManager_getNetworkOperator', 'API_DeviceInfo_android.telephony.TelephonyManager_getNetworkOperatorName', 'API_DeviceInfo_android.telephony.TelephonyManager_getSimOperatorName', 'API_DeviceInfo_android.net.wifi.WifiInfo_getMacAddress', 'API_DeviceInfo_android.net.wifi.WifiInfo_getBSSID', 'API_DeviceInfo_android.net.wifi.WifiInfo_getIpAddress', 'API_DeviceInfo_android.net.wifi.WifiInfo_getNetworkId', 'API_DeviceInfo_android.telephony.TelephonyManager_getSimCountryIso', 'API_DeviceInfo_android.telephony.TelephonyManager_getSimSerialNumber', 'API_DeviceInfo_android.telephony.TelephonyManager_getNetworkCountryIso', 'API_DeviceInfo_android.telephony.TelephonyManager_getDeviceSoftwareVersion', 'API_DeviceInfo_android.os.Debug_isDebuggerConnected', 'API_DeviceInfo_android.content.pm.PackageManager_getInstallerPackageName', 'API_DeviceInfo_android.content.pm.PackageManager_getInstalledApplications', 'API_DeviceInfo_android.content.pm.PackageManager_getInstalledModules', 'API_DeviceInfo_android.content.pm.PackageManager_getInstalledPackages', 'API_Network_java.net.URL_openConnection', 'API_Network_org.apache.http.impl.client.AbstractHttpClient_execute', 'API_Network_com.android.okhttp.internal.huc.HttpURLConnectionImpl_getInputStream', 'API_Network_com.android.okhttp.internal.http.HttpURLConnectionImpl_getInputStream', 'API_DexClassLoader_dalvik.system.BaseDexClassLoader_findResource', 'API_DexClassLoader_dalvik.system.BaseDexClassLoader_findResources', 'API_DexClassLoader_dalvik.system.BaseDexClassLoader_findLibrary', 'API_DexClassLoader_dalvik.system.DexFile_loadDex', 'API_DexClassLoader_dalvik.system.DexFile_loadClass', 'API_DexClassLoader_dalvik.system.DexClassLoader_$init', 'API_Base64_android.util.Base64_decode', 'API_Base64_android.util.Base64_encode', 'API_Base64_android.util.Base64_encodeToString', 'API_SystemManager_android.app.ApplicationPackageManager_setComponentEnabledSetting', 'API_SystemManager_android.app.NotificationManager_notify', 'API_SystemManager_android.telephony.TelephonyManager_listen', 'API_SystemManager_android.content.BroadcastReceiver_abortBroadcast', 'API_SMS_android.telephony.SmsManager_sendTextMessage', 'API_SMS_android.telephony.SmsManager_sendMultipartTextMessage', 'API_DeviceData_android.content.ContentResolver_query', 'API_DeviceData_android.content.ContentResolver_registerContentObserver', 'API_DeviceData_android.content.ContentResolver_insert', 'API_DeviceData_android.content.ContentResolver_delete', 'API_DeviceData_android.accounts.AccountManager_getAccountsByType', 'API_DeviceData_android.accounts.AccountManager_getAccounts', 'API_DeviceData_android.location.Location_getLatitude', 'API_DeviceData_android.location.Location_getLongitude', 'API_DeviceData_android.media.AudioRecord_startRecording', 'API_DeviceData_android.media.MediaRecorder_start', 'API_DeviceData_android.os.SystemProperties_get', 'API_DeviceData_android.app.ApplicationPackageManager_getInstalledPackages', 'API__sessions', 'Network_TotalReceivedBytes', 'Network_TotalReceivedPackets', 'Network_TotalTransmittedBytes', 'Network_TotalTransmittedPackets', 'Battery_wakelock', 'Battery_service', 'Logcat_info', 'Logcat_error', 'Logcat_warning', 'Logcat_debug', 'Logcat_verbose', 'Logcat_total', 'Process_total', 'Reboot_before']}, 'hyperParameters': {0: '{}'}, 'timeToFit': {0: 0.0020809173583984375}, 'timeToPredict': {0: 0.00015091896057128906}, 'accuracy_val': {0: 0.22602594088879438}, 'accuracy_test': {0: -1}, 'precision_val': {0: 0.05108772595466477}, 'precision_test': {0: -1}, 'recall_val': {0: 0.22602594088879438}, 'recall_test': {0: -1}, 'f1-score_val': {0: 0.08333873574914617}, 'f1-score_test': {0: -1}, 'kappa_val': {0: 0.0}, 'kappa_test': {0: -1}}, {'naive_bayes': 11712     0
5763      0
42114    11
46186     7
41946    10
         ..
33099     7
52857     3
47610     7
7612      0
36519     5
Length: 2918, dtype: int64, 'feed_forward_neural_network': 53099     3
46186     7
22423     5
50039     4
7402      8
         ..
8398      0
1005     10
17232     9
33099     7
47610     7
Length: 1152, dtype: int64, 'stacking': 53099     3
41946    10
12505     0
22423     5
50039     4
         ..
49826     4
2906      0
17232     9
33099     7
52857     3
Length: 866, dtype: int64, 'baselines': 53099     3
30660     7
24323     5
52498     3
42114    11
         ..
47610     7
20081     5
44394     7
46313     7
36519     5
Length: 3640, dtype: int64}, {'Naive Bayes': {'absolute': array([[316,  29, 143,  83,  37,  72,  90,  13, 192,  55,  24,   9],
       [  7,  31,  28,  14,   3,   5,   1,   0,   3,   3,   0,   0],
       [  0,   2,  30,   1,   0,   1,   0,   0,   2,   1,   0,   0],
       [  3,   0,  13,  57,   5,   3,   9,   0,  26,   3,   2,   1],
       [  6,   0, 130,   1, 189,   2,   0,   3,   4,   2,   6,   5],
       [ 61,  25, 150, 199,  16, 598, 201,  23,  45,  66,  24,   6],
       [  4,   0,  45,   1,   1,   0,  29,   0,   3,   1,   2,   0],
       [ 11,   3, 244,  55,  22,  15,  23, 319,  60,  80,  22,   8],
       [  1,   0,   9,   0,   3,   0,   3,   0,   6,   2,   1,   0],
       [  3,   0,  55,   3,  58,   4,   0,   0,   9,  27,   1,   0],
       [  8,  11,  80,   8,  24,   3,   8,   1,   9,   6,  50,   1],
       [  0,   0,  30,   7, 104,   2,   1,   1,   2,   0,   2, 133]]), 'relative': array([[29.72718721,  2.72812794, 13.45249294,  7.80809031,  3.48071496,
         6.77328316,  8.46660395,  1.2229539 , 18.06208843,  5.17403575,
         2.25776105,  0.8466604 ],
       [ 7.36842105, 32.63157895, 29.47368421, 14.73684211,  3.15789474,
         5.26315789,  1.05263158,  0.        ,  3.15789474,  3.15789474,
         0.        ,  0.        ],
       [ 0.        ,  5.40540541, 81.08108108,  2.7027027 ,  0.        ,
         2.7027027 ,  0.        ,  0.        ,  5.40540541,  2.7027027 ,
         0.        ,  0.        ],
       [ 2.45901639,  0.        , 10.6557377 , 46.72131148,  4.09836066,
         2.45901639,  7.37704918,  0.        , 21.31147541,  2.45901639,
         1.63934426,  0.81967213],
       [ 1.72413793,  0.        , 37.35632184,  0.28735632, 54.31034483,
         0.57471264,  0.        ,  0.86206897,  1.14942529,  0.57471264,
         1.72413793,  1.43678161],
       [ 4.31400283,  1.76803395, 10.60820368, 14.07355021,  1.13154173,
        42.29137199, 14.21499293,  1.62659123,  3.1824611 ,  4.66760962,
         1.69731259,  0.42432815],
       [ 4.65116279,  0.        , 52.3255814 ,  1.1627907 ,  1.1627907 ,
         0.        , 33.72093023,  0.        ,  3.48837209,  1.1627907 ,
         2.3255814 ,  0.        ],
       [ 1.27610209,  0.34802784, 28.3062645 ,  6.38051044,  2.55220418,
         1.74013921,  2.66821346, 37.00696056,  6.96055684,  9.28074246,
         2.55220418,  0.92807425],
       [ 4.        ,  0.        , 36.        ,  0.        , 12.        ,
         0.        , 12.        ,  0.        , 24.        ,  8.        ,
         4.        ,  0.        ],
       [ 1.875     ,  0.        , 34.375     ,  1.875     , 36.25      ,
         2.5       ,  0.        ,  0.        ,  5.625     , 16.875     ,
         0.625     ,  0.        ],
       [ 3.8277512 ,  5.26315789, 38.27751196,  3.8277512 , 11.48325359,
         1.4354067 ,  3.8277512 ,  0.4784689 ,  4.3062201 ,  2.8708134 ,
        23.92344498,  0.4784689 ],
       [ 0.        ,  0.        , 10.63829787,  2.4822695 , 36.87943262,
         0.70921986,  0.35460993,  0.35460993,  0.70921986,  0.        ,
         0.70921986, 47.16312057]])}, 'Feed Forward Neural Network': {'absolute': array([[ 893,   10,    0,    3,    3,   89,    3,   36,    0,    5,   10,
          11],
       [  22,   20,    0,    5,    6,   24,    0,    9,    1,    2,    3,
           3],
       [  24,    0,    2,    0,    0,    3,    3,    5,    0,    0,    0,
           0],
       [  51,    1,    0,   43,    0,   18,    1,    3,    0,    0,    3,
           2],
       [  14,    6,    0,    0,  277,    7,    0,   10,    2,    1,    7,
          24],
       [ 168,    2,    0,   10,   13, 1158,    1,   46,    0,    4,    7,
           5],
       [  24,    0,    0,    0,    0,    3,   47,    7,    0,    1,    4,
           0],
       [  89,    4,    0,    1,   10,   52,    0,  680,    0,    5,   13,
           8],
       [   4,    0,    0,    1,    4,    0,    0,    3,    5,    1,    1,
           6],
       [  13,    1,    0,    0,   50,    7,    0,    6,    0,   72,    9,
           2],
       [  34,    2,    0,    1,    8,   24,    0,   24,    0,    0,  111,
           5],
       [   8,    1,    0,    1,    9,    5,    0,    7,    0,    3,    5,
         243]]), 'relative': array([[8.40075259e+01, 9.40733772e-01, 0.00000000e+00, 2.82220132e-01,
        2.82220132e-01, 8.37253057e+00, 2.82220132e-01, 3.38664158e+00,
        0.00000000e+00, 4.70366886e-01, 9.40733772e-01, 1.03480715e+00],
       [2.31578947e+01, 2.10526316e+01, 0.00000000e+00, 5.26315789e+00,
        6.31578947e+00, 2.52631579e+01, 0.00000000e+00, 9.47368421e+00,
        1.05263158e+00, 2.10526316e+00, 3.15789474e+00, 3.15789474e+00],
       [6.48648649e+01, 0.00000000e+00, 5.40540541e+00, 0.00000000e+00,
        0.00000000e+00, 8.10810811e+00, 8.10810811e+00, 1.35135135e+01,
        0.00000000e+00, 0.00000000e+00, 0.00000000e+00, 0.00000000e+00],
       [4.18032787e+01, 8.19672131e-01, 0.00000000e+00, 3.52459016e+01,
        0.00000000e+00, 1.47540984e+01, 8.19672131e-01, 2.45901639e+00,
        0.00000000e+00, 0.00000000e+00, 2.45901639e+00, 1.63934426e+00],
       [4.02298851e+00, 1.72413793e+00, 0.00000000e+00, 0.00000000e+00,
        7.95977011e+01, 2.01149425e+00, 0.00000000e+00, 2.87356322e+00,
        5.74712644e-01, 2.87356322e-01, 2.01149425e+00, 6.89655172e+00],
       [1.18811881e+01, 1.41442716e-01, 0.00000000e+00, 7.07213579e-01,
        9.19377652e-01, 8.18953324e+01, 7.07213579e-02, 3.25318246e+00,
        0.00000000e+00, 2.82885431e-01, 4.95049505e-01, 3.53606789e-01],
       [2.79069767e+01, 0.00000000e+00, 0.00000000e+00, 0.00000000e+00,
        0.00000000e+00, 3.48837209e+00, 5.46511628e+01, 8.13953488e+00,
        0.00000000e+00, 1.16279070e+00, 4.65116279e+00, 0.00000000e+00],
       [1.03248260e+01, 4.64037123e-01, 0.00000000e+00, 1.16009281e-01,
        1.16009281e+00, 6.03248260e+00, 0.00000000e+00, 7.88863109e+01,
        0.00000000e+00, 5.80046404e-01, 1.50812065e+00, 9.28074246e-01],
       [1.60000000e+01, 0.00000000e+00, 0.00000000e+00, 4.00000000e+00,
        1.60000000e+01, 0.00000000e+00, 0.00000000e+00, 1.20000000e+01,
        2.00000000e+01, 4.00000000e+00, 4.00000000e+00, 2.40000000e+01],
       [8.12500000e+00, 6.25000000e-01, 0.00000000e+00, 0.00000000e+00,
        3.12500000e+01, 4.37500000e+00, 0.00000000e+00, 3.75000000e+00,
        0.00000000e+00, 4.50000000e+01, 5.62500000e+00, 1.25000000e+00],
       [1.62679426e+01, 9.56937799e-01, 0.00000000e+00, 4.78468900e-01,
        3.82775120e+00, 1.14832536e+01, 0.00000000e+00, 1.14832536e+01,
        0.00000000e+00, 0.00000000e+00, 5.31100478e+01, 2.39234450e+00],
       [2.83687943e+00, 3.54609929e-01, 0.00000000e+00, 3.54609929e-01,
        3.19148936e+00, 1.77304965e+00, 0.00000000e+00, 2.48226950e+00,
        0.00000000e+00, 1.06382979e+00, 1.77304965e+00, 8.61702128e+01]])}, 'Stacking': {'absolute': array([[ 910,   18,    1,   12,    1,   80,    2,   22,    0,    3,    9,
           5],
       [  12,   43,    1,    4,    1,   20,    0,    2,    1,    0,    2,
           9],
       [  20,    0,   11,    0,    0,    2,    1,    1,    0,    0,    2,
           0],
       [   7,    0,    0,   59,    0,   16,    1,   37,    0,    0,    0,
           2],
       [   7,    2,    0,    0,  288,    5,    0,   13,    2,    7,    5,
          19],
       [  84,    6,    0,   11,    3, 1256,    1,   44,    0,    3,    5,
           1],
       [   9,    0,    0,    0,    0,    8,   63,    2,    0,    1,    3,
           0],
       [  44,    1,    1,   11,    7,   51,    1,  734,    6,    1,    2,
           3],
       [   1,    0,    0,    1,    2,    1,    0,    3,    9,    2,    1,
           5],
       [  10,    1,    0,    2,   42,    4,    1,    8,    3,   84,    3,
           2],
       [  19,    1,    0,    2,    4,   20,    0,   26,    0,    1,  128,
           8],
       [   5,    2,    0,    1,    8,    2,    0,   10,    0,    0,    2,
         252]]), 'relative': array([[8.56067733e+01, 1.69332079e+00, 9.40733772e-02, 1.12888053e+00,
        9.40733772e-02, 7.52587018e+00, 1.88146754e-01, 2.06961430e+00,
        0.00000000e+00, 2.82220132e-01, 8.46660395e-01, 4.70366886e-01],
       [1.26315789e+01, 4.52631579e+01, 1.05263158e+00, 4.21052632e+00,
        1.05263158e+00, 2.10526316e+01, 0.00000000e+00, 2.10526316e+00,
        1.05263158e+00, 0.00000000e+00, 2.10526316e+00, 9.47368421e+00],
       [5.40540541e+01, 0.00000000e+00, 2.97297297e+01, 0.00000000e+00,
        0.00000000e+00, 5.40540541e+00, 2.70270270e+00, 2.70270270e+00,
        0.00000000e+00, 0.00000000e+00, 5.40540541e+00, 0.00000000e+00],
       [5.73770492e+00, 0.00000000e+00, 0.00000000e+00, 4.83606557e+01,
        0.00000000e+00, 1.31147541e+01, 8.19672131e-01, 3.03278689e+01,
        0.00000000e+00, 0.00000000e+00, 0.00000000e+00, 1.63934426e+00],
       [2.01149425e+00, 5.74712644e-01, 0.00000000e+00, 0.00000000e+00,
        8.27586207e+01, 1.43678161e+00, 0.00000000e+00, 3.73563218e+00,
        5.74712644e-01, 2.01149425e+00, 1.43678161e+00, 5.45977011e+00],
       [5.94059406e+00, 4.24328147e-01, 0.00000000e+00, 7.77934936e-01,
        2.12164074e-01, 8.88260255e+01, 7.07213579e-02, 3.11173975e+00,
        0.00000000e+00, 2.12164074e-01, 3.53606789e-01, 7.07213579e-02],
       [1.04651163e+01, 0.00000000e+00, 0.00000000e+00, 0.00000000e+00,
        0.00000000e+00, 9.30232558e+00, 7.32558140e+01, 2.32558140e+00,
        0.00000000e+00, 1.16279070e+00, 3.48837209e+00, 0.00000000e+00],
       [5.10440835e+00, 1.16009281e-01, 1.16009281e-01, 1.27610209e+00,
        8.12064965e-01, 5.91647332e+00, 1.16009281e-01, 8.51508121e+01,
        6.96055684e-01, 1.16009281e-01, 2.32018561e-01, 3.48027842e-01],
       [4.00000000e+00, 0.00000000e+00, 0.00000000e+00, 4.00000000e+00,
        8.00000000e+00, 4.00000000e+00, 0.00000000e+00, 1.20000000e+01,
        3.60000000e+01, 8.00000000e+00, 4.00000000e+00, 2.00000000e+01],
       [6.25000000e+00, 6.25000000e-01, 0.00000000e+00, 1.25000000e+00,
        2.62500000e+01, 2.50000000e+00, 6.25000000e-01, 5.00000000e+00,
        1.87500000e+00, 5.25000000e+01, 1.87500000e+00, 1.25000000e+00],
       [9.09090909e+00, 4.78468900e-01, 0.00000000e+00, 9.56937799e-01,
        1.91387560e+00, 9.56937799e+00, 0.00000000e+00, 1.24401914e+01,
        0.00000000e+00, 4.78468900e-01, 6.12440191e+01, 3.82775120e+00],
       [1.77304965e+00, 7.09219858e-01, 0.00000000e+00, 3.54609929e-01,
        2.83687943e+00, 7.09219858e-01, 0.00000000e+00, 3.54609929e+00,
