2025-05-31 22:00:24,417 - my_logger - INFO - Pipeline runner started at 2025-05-31 22:00:24
2025-05-31 22:00:25,675 - my_logger - INFO - 'dataset' returned: ('X_train: (37625, 142)', 'X_val: (4703, 142)', 'X_test: (4704, 142)')
2025-05-31 22:00:26,746 - my_logger - INFO - 'data_preprocessing' returned: {}
2025-05-31 22:00:27,257 - my_logger - INFO - 'feature_analysis' returned: {'feature_transformation_results': None, 'manual_feature_selection_results': {'MutualInformation': 'Threshold: 0.2, Delete features: True', 'LowVariances': 'Threshold: 0.01, Delete features: True', 'VIF': 'Threshold: 10, Delete features: True', 'PCA': 'Threshold: 0.95, Delete features: True'}, 'automatic_feature_selection_results': {'L1': {'predictivePowerFeatures': None, 'excludedFeatures': None, 'deletesFeatures': True}, 'Boruta': {'selected_features': None, 'excludedFeatures': None, 'deletesFeatures': True}}}
2025-05-31 22:01:46,406 - my_logger - INFO - 'modelling' returned: {'pre_tuning_runner': {'metrics_df': {'id': {0: '4befebefd4f4f643dc75a7afad2b5e224a9bcf5a19eefab966ac17ee131036a7'}, 'timeStamp': {0: '2025-05-31 22:00:53'}, 'comments': {0: 'UPDATED KAPPA NAME IN THE CSV, ONE SECOND TIME'}, 'modelName': {0: 'Majority Class (baseline)'}, 'currentPhase': {0: 'pre'}, 'features_used': {0: ['Memory_PssTotal', 'Memory_PssClean', 'Memory_SharedDirty', 'Memory_PrivateDirty', 'Memory_SharedClean', 'Memory_PrivateClean', 'Memory_SwapPssDirty', 'Memory_HeapSize', 'Memory_HeapAlloc', 'Memory_HeapFree', 'Memory_Views', 'Memory_ViewRootImpl', 'Memory_AppContexts', 'Memory_Activities', 'Memory_Assets', 'Memory_AssetManagers', 'Memory_LocalBinders', 'Memory_ProxyBinders', 'Memory_ParcelMemory', 'Memory_ParcelCount', 'Memory_DeathRecipients', 'Memory_OpenSSLSockets', 'Memory_WebViews', 'API_Process_android.os.Process_start', 'API_Process_android.app.ActivityManager_killBackgroundProcesses', 'API_Process_android.os.Process_killProcess', 'API_Command_java.lang.Runtime_exec', 'API_Command_java.lang.ProcessBuilder_start', 'API_JavaNativeInterface_java.lang.Runtime_loadLibrary', 'API_JavaNativeInterface_java.lang.Runtime_load', 'API_WebView_android.webkit.WebView_loadUrl', 'API_WebView_android.webkit.WebView_loadData', 'API_WebView_android.webkit.WebView_loadDataWithBaseURL', 'API_WebView_android.webkit.WebView_addJavascriptInterface', 'API_WebView_android.webkit.WebView_evaluateJavascript', 'API_WebView_android.webkit.WebView_postUrl', 'API_WebView_android.webkit.WebView_postWebMessage', 'API_WebView_android.webkit.WebView_savePassword', 'API_WebView_android.webkit.WebView_setHttpAuthUsernamePassword', 'API_WebView_android.webkit.WebView_getHttpAuthUsernamePassword', 'API_WebView_android.webkit.WebView_setWebContentsDebuggingEnabled', 'API_FileIO_libcore.io.IoBridge_open', 'API_FileIO_android.content.ContextWrapper_openFileInput', 'API_FileIO_android.content.ContextWrapper_openFileOutput', 'API_FileIO_android.content.ContextWrapper_deleteFile', 'API_Database_android.content.ContextWrapper_openOrCreateDatabase', 'API_Database_android.content.ContextWrapper_databaseList', 'API_Database_android.content.ContextWrapper_deleteDatabase', 'API_Database_android.database.sqlite.SQLiteDatabase_execSQL', 'API_Database_android.database.sqlite.SQLiteDatabase_deleteDatabase', 'API_Database_android.database.sqlite.SQLiteDatabase_getPath', 'API_Database_android.database.sqlite.SQLiteDatabase_insert', 'API_Database_android.database.sqlite.SQLiteDatabase_insertOrThrow', 'API_Database_android.database.sqlite.SQLiteDatabase_insertWithOnConflict', 'API_Database_android.database.sqlite.SQLiteDatabase_openDatabase', 'API_Database_android.database.sqlite.SQLiteDatabase_openOrCreateDatabase', 'API_Database_android.database.sqlite.SQLiteDatabase_query', 'API_Database_android.database.sqlite.SQLiteDatabase_queryWithFactory', 'API_Database_android.database.sqlite.SQLiteDatabase_rawQuery', 'API_Database_android.database.sqlite.SQLiteDatabase_rawQueryWithFactory', 'API_Database_android.database.sqlite.SQLiteDatabase_update', 'API_Database_android.database.sqlite.SQLiteDatabase_updateWithOnConflict', 'API_Database_android.database.sqlite.SQLiteDatabase_compileStatement', 'API_Database_android.database.sqlite.SQLiteDatabase_create', 'API_IPC_android.content.ContextWrapper_sendBroadcast', 'API_IPC_android.content.ContextWrapper_sendStickyBroadcast', 'API_IPC_android.content.ContextWrapper_startActivity', 'API_IPC_android.content.ContextWrapper_startService', 'API_IPC_android.content.ContextWrapper_stopService', 'API_IPC_android.content.ContextWrapper_registerReceiver', 'API_Binder_android.app.ContextImpl_registerReceiver', 'API_Binder_android.app.ActivityThread_handleReceiver', 'API_Binder_android.app.Activity_startActivity', 'API_Crypto_javax.crypto.spec.SecretKeySpec_$init', 'API_Crypto_javax.crypto.Cipher_doFinal', 'API_Crypto-Hash_java.security.MessageDigest_digest', 'API_Crypto-Hash_java.security.MessageDigest_update', 'API_DeviceInfo_android.telephony.TelephonyManager_getDeviceId', 'API_DeviceInfo_android.telephony.TelephonyManager_getSubscriberId', 'API_DeviceInfo_android.telephony.TelephonyManager_getLine1Number', 'API_DeviceInfo_android.telephony.TelephonyManager_getNetworkOperator', 'API_DeviceInfo_android.telephony.TelephonyManager_getNetworkOperatorName', 'API_DeviceInfo_android.telephony.TelephonyManager_getSimOperatorName', 'API_DeviceInfo_android.net.wifi.WifiInfo_getMacAddress', 'API_DeviceInfo_android.net.wifi.WifiInfo_getBSSID', 'API_DeviceInfo_android.net.wifi.WifiInfo_getIpAddress', 'API_DeviceInfo_android.net.wifi.WifiInfo_getNetworkId', 'API_DeviceInfo_android.telephony.TelephonyManager_getSimCountryIso', 'API_DeviceInfo_android.telephony.TelephonyManager_getSimSerialNumber', 'API_DeviceInfo_android.telephony.TelephonyManager_getNetworkCountryIso', 'API_DeviceInfo_android.telephony.TelephonyManager_getDeviceSoftwareVersion', 'API_DeviceInfo_android.os.Debug_isDebuggerConnected', 'API_DeviceInfo_android.content.pm.PackageManager_getInstallerPackageName', 'API_DeviceInfo_android.content.pm.PackageManager_getInstalledApplications', 'API_DeviceInfo_android.content.pm.PackageManager_getInstalledModules', 'API_DeviceInfo_android.content.pm.PackageManager_getInstalledPackages', 'API_Network_java.net.URL_openConnection', 'API_Network_org.apache.http.impl.client.AbstractHttpClient_execute', 'API_Network_com.android.okhttp.internal.huc.HttpURLConnectionImpl_getInputStream', 'API_Network_com.android.okhttp.internal.http.HttpURLConnectionImpl_getInputStream', 'API_DexClassLoader_dalvik.system.BaseDexClassLoader_findResource', 'API_DexClassLoader_dalvik.system.BaseDexClassLoader_findResources', 'API_DexClassLoader_dalvik.system.BaseDexClassLoader_findLibrary', 'API_DexClassLoader_dalvik.system.DexFile_loadDex', 'API_DexClassLoader_dalvik.system.DexFile_loadClass', 'API_DexClassLoader_dalvik.system.DexClassLoader_$init', 'API_Base64_android.util.Base64_decode', 'API_Base64_android.util.Base64_encode', 'API_Base64_android.util.Base64_encodeToString', 'API_SystemManager_android.app.ApplicationPackageManager_setComponentEnabledSetting', 'API_SystemManager_android.app.NotificationManager_notify', 'API_SystemManager_android.telephony.TelephonyManager_listen', 'API_SystemManager_android.content.BroadcastReceiver_abortBroadcast', 'API_SMS_android.telephony.SmsManager_sendTextMessage', 'API_SMS_android.telephony.SmsManager_sendMultipartTextMessage', 'API_DeviceData_android.content.ContentResolver_query', 'API_DeviceData_android.content.ContentResolver_registerContentObserver', 'API_DeviceData_android.content.ContentResolver_insert', 'API_DeviceData_android.content.ContentResolver_delete', 'API_DeviceData_android.accounts.AccountManager_getAccountsByType', 'API_DeviceData_android.accounts.AccountManager_getAccounts', 'API_DeviceData_android.location.Location_getLatitude', 'API_DeviceData_android.location.Location_getLongitude', 'API_DeviceData_android.media.AudioRecord_startRecording', 'API_DeviceData_android.media.MediaRecorder_start', 'API_DeviceData_android.os.SystemProperties_get', 'API_DeviceData_android.app.ApplicationPackageManager_getInstalledPackages', 'API__sessions', 'Network_TotalReceivedBytes', 'Network_TotalReceivedPackets', 'Network_TotalTransmittedBytes', 'Network_TotalTransmittedPackets', 'Battery_wakelock', 'Battery_service', 'Logcat_info', 'Logcat_error', 'Logcat_warning', 'Logcat_debug', 'Logcat_verbose', 'Logcat_total', 'Process_total', 'Reboot_before']}, 'hyperParameters': {0: '{}'}, 'timeToFit': {0: 0.0047419071197509766}, 'timeToPredict': {0: 0.0001342296600341797}, 'accuracy_val': {0: 0.30065915373166063}, 'accuracy_test': {0: -1}, 'precision_val': {0: 0.09039592672263835}, 'precision_test': {0: -1}, 'recall_val': {0: 0.30065915373166063}, 'recall_test': {0: -1}, 'f1-score_val': {0: 0.13900017766113068}, 'f1-score_test': {0: -1}, 'kappa_val': {0: 0.0}, 'kappa_test': {0: -1}}, 'residuals': {'tree_based': 53099     3
42114    11
46186     7
41946    10
38536     5
         ..
8398      0
2906      0
33099     7
47610     7
36519     5
Length: 853, dtype: int64, 'naive_bayes': 53099    3
30660    7
24323    5
11712    0
52498    3
        ..
44394    7
7212     0
7612     0
46313    7
36519    5
Length: 3853, dtype: int64, 'feed_forward_neural_network': 53099     3
24323     5
11712     0
52498     3
42114    11
         ..
47610     7
20081     5
7212      0
7612      0
36519     5
Length: 3205, dtype: int64, 'baselines': 53099    3
30660    7
11712    0
52498    3
5763     0
        ..
47610    7
44394    7
7212     0
7612     0
46313    7
Length: 3289, dtype: int64}, 'confusion_matrices': {'Decision Tree': {'absolute': array([[ 879,   15,    4,   16,    6,   74,    4,   36,    1,    4,   20,
           4],
       [  11,   60,    1,    2,    1,   13,    0,    2,    0,    0,    3,
           2],
       [   4,    0,   26,    1,    0,    3,    1,    0,    0,    0,    2,
           0],
       [   8,    0,    0,   98,    1,    4,    1,    4,    0,    2,    1,
           3],
       [   2,    3,    0,    0,  276,    4,    1,    8,    2,   31,    5,
          16],
       [  87,    8,    0,    8,    4, 1221,    3,   54,    1,   10,   16,
           2],
       [   8,    3,    0,    5,    0,    5,   60,    0,    0,    1,    2,
           2],
       [  32,    4,    2,    4,    4,   49,    4,  726,    1,   13,   13,
          10],
       [   2,    0,    0,    0,    3,    1,    0,    0,   14,    3,    0,
           2],
       [   4,    3,    0,    0,   34,    0,    0,    8,    1,  103,    7,
           0],
       [  17,    3,    1,    4,    6,   10,    2,   12,    1,    2,  148,
           3],
       [   0,    2,    0,    0,   19,    5,    1,    7,    0,    3,    6,
         239]]), 'relative': array([[8.26904986e+01, 1.41110066e+00, 3.76293509e-01, 1.50517404e+00,
        5.64440263e-01, 6.96142992e+00, 3.76293509e-01, 3.38664158e+00,
        9.40733772e-02, 3.76293509e-01, 1.88146754e+00, 3.76293509e-01],
       [1.15789474e+01, 6.31578947e+01, 1.05263158e+00, 2.10526316e+00,
        1.05263158e+00, 1.36842105e+01, 0.00000000e+00, 2.10526316e+00,
        0.00000000e+00, 0.00000000e+00, 3.15789474e+00, 2.10526316e+00],
       [1.08108108e+01, 0.00000000e+00, 7.02702703e+01, 2.70270270e+00,
        0.00000000e+00, 8.10810811e+00, 2.70270270e+00, 0.00000000e+00,
        0.00000000e+00, 0.00000000e+00, 5.40540541e+00, 0.00000000e+00],
       [6.55737705e+00, 0.00000000e+00, 0.00000000e+00, 8.03278689e+01,
        8.19672131e-01, 3.27868852e+00, 8.19672131e-01, 3.27868852e+00,
        0.00000000e+00, 1.63934426e+00, 8.19672131e-01, 2.45901639e+00],
       [5.74712644e-01, 8.62068966e-01, 0.00000000e+00, 0.00000000e+00,
        7.93103448e+01, 1.14942529e+00, 2.87356322e-01, 2.29885057e+00,
        5.74712644e-01, 8.90804598e+00, 1.43678161e+00, 4.59770115e+00],
       [6.15275813e+00, 5.65770863e-01, 0.00000000e+00, 5.65770863e-01,
        2.82885431e-01, 8.63507779e+01, 2.12164074e-01, 3.81895332e+00,
        7.07213579e-02, 7.07213579e-01, 1.13154173e+00, 1.41442716e-01],
       [9.30232558e+00, 3.48837209e+00, 0.00000000e+00, 5.81395349e+00,
        0.00000000e+00, 5.81395349e+00, 6.97674419e+01, 0.00000000e+00,
        0.00000000e+00, 1.16279070e+00, 2.32558140e+00, 2.32558140e+00],
       [3.71229698e+00, 4.64037123e-01, 2.32018561e-01, 4.64037123e-01,
        4.64037123e-01, 5.68445476e+00, 4.64037123e-01, 8.42227378e+01,
        1.16009281e-01, 1.50812065e+00, 1.50812065e+00, 1.16009281e+00],
       [8.00000000e+00, 0.00000000e+00, 0.00000000e+00, 0.00000000e+00,
        1.20000000e+01, 4.00000000e+00, 0.00000000e+00, 0.00000000e+00,
        5.60000000e+01, 1.20000000e+01, 0.00000000e+00, 8.00000000e+00],
       [2.50000000e+00, 1.87500000e+00, 0.00000000e+00, 0.00000000e+00,
        2.12500000e+01, 0.00000000e+00, 0.00000000e+00, 5.00000000e+00,
        6.25000000e-01, 6.43750000e+01, 4.37500000e+00, 0.00000000e+00],
       [8.13397129e+00, 1.43540670e+00, 4.78468900e-01, 1.91387560e+00,
        2.87081340e+00, 4.78468900e+00, 9.56937799e-01, 5.74162679e+00,
        4.78468900e-01, 9.56937799e-01, 7.08133971e+01, 1.43540670e+00],
       [0.00000000e+00, 7.09219858e-01, 0.00000000e+00, 0.00000000e+00,
        6.73758865e+00, 1.77304965e+00, 3.54609929e-01, 2.48226950e+00,
        0.00000000e+00, 1.06382979e+00, 2.12765957e+00, 8.47517730e+01]])}, 'Naive Bayes': {'absolute': array([[ 52,  21,   8,   7, 509,  39, 281,  46,  39,   4,   2,  55],
       [  5,   4,   2,   0,  59,   3,  13,   2,   0,   0,   0,   7],
       [  2,   1,   0,   0,  19,   0,  12,   2,   0,   0,   0,   1],
       [  3,   6,   1,  32,  56,   1,   8,   0,   4,   0,   1,  10],
       [  1,   1,   1,   0, 322,   0,   8,   1,   2,   1,   0,  11],
       [ 29,  18,  16,   5, 535, 279, 376,   9,  41,   3,   6,  97],
       [  4,   1,   0,   1,  12,   0,  60,   3,   2,   0,   0,   3],
       [  9,   1,   4,   7, 552,   6, 162,   7,  44,   4,   2,  64],
       [  1,   0,   0,   0,  18,   0,   1,   0,   2,   0,   0,   3],
       [  2,   1,   1,   4, 122,   1,   2,   6,   1,  10,   0,  10],
       [  5,   4,   5,   3, 119,   0,  35,   7,   1,   2,  24,   4],
       [  1,   5,   0,   0, 204,   4,   4,   2,   3,   1,   0,  58]]), 'relative': array([[ 4.89181562,  1.97554092,  0.75258702,  0.65851364, 47.88334901,
         3.66886171, 26.434619  ,  4.32737535,  3.66886171,  0.37629351,
         0.18814675,  5.17403575],
       [ 5.26315789,  4.21052632,  2.10526316,  0.        , 62.10526316,
         3.15789474, 13.68421053,  2.10526316,  0.        ,  0.        ,
         0.        ,  7.36842105],
       [ 5.40540541,  2.7027027 ,  0.        ,  0.        , 51.35135135,
         0.        , 32.43243243,  5.40540541,  0.        ,  0.        ,
         0.        ,  2.7027027 ],
       [ 2.45901639,  4.91803279,  0.81967213, 26.2295082 , 45.90163934,
         0.81967213,  6.55737705,  0.        ,  3.27868852,  0.        ,
         0.81967213,  8.19672131],
       [ 0.28735632,  0.28735632,  0.28735632,  0.        , 92.52873563,
         0.        ,  2.29885057,  0.28735632,  0.57471264,  0.28735632,
         0.        ,  3.16091954],
       [ 2.05091938,  1.27298444,  1.13154173,  0.35360679, 37.83592645,
        19.73125884, 26.59123055,  0.63649222,  2.89957567,  0.21216407,
         0.42432815,  6.85997171],
       [ 4.65116279,  1.1627907 ,  0.        ,  1.1627907 , 13.95348837,
         0.        , 69.76744186,  3.48837209,  2.3255814 ,  0.        ,
         0.        ,  3.48837209],
       [ 1.04408353,  0.11600928,  0.46403712,  0.81206497, 64.03712297,
         0.69605568, 18.79350348,  0.81206497,  5.10440835,  0.46403712,
         0.23201856,  7.42459397],
       [ 4.        ,  0.        ,  0.        ,  0.        , 72.        ,
         0.        ,  4.        ,  0.        ,  8.        ,  0.        ,
         0.        , 12.        ],
       [ 1.25      ,  0.625     ,  0.625     ,  2.5       , 76.25      ,
         0.625     ,  1.25      ,  3.75      ,  0.625     ,  6.25      ,
         0.        ,  6.25      ],
       [ 2.3923445 ,  1.9138756 ,  2.3923445 ,  1.4354067 , 56.93779904,
         0.        , 16.74641148,  3.3492823 ,  0.4784689 ,  0.9569378 ,
        11.48325359,  1.9138756 ],
       [ 0.35460993,  1.77304965,  0.        ,  0.        , 72.34042553,
         1.41843972,  1.41843972,  0.70921986,  1.06382979,  0.35460993,
         0.        , 20.56737589]])}, 'Feed Forward Neural Network': {'absolute': array([[301,   0, 132, 106,   9,  70,  57, 286,   2,   1,  19,  80],
       [ 27,   0,  15,   3,   0,   9,   3,  19,   0,   2,   9,   8],
       [  5,   0,  11,   3,   1,   0,   7,  10,   0,   0,   0,   0],
       [ 18,   0,  33,  35,   1,   6,   2,  15,   0,   0,  10,   2],
       [ 70,   0,  87,   8,   4,  13,   1,  92,   2,   0,  69,   2],
       [238,   0, 100,  58,   3, 518,  22, 393,   1,   0,  22,  59],
       [ 13,   0,   5,   6,   1,   1,  46,   7,   0,   0,   2,   5],
       [112,   0, 104,  60,   1,  33,   8, 520,   0,   2,  14,   8],
       [  3,   0,   8,   1,   0,   2,   0,   7,   0,   0,   4,   0],
       [ 34,   0,  35,   7,   0,  10,   0,  31,   0,   7,  30,   6],
       [ 23,   0,  66,  24,   2,  12,   3,  21,   0,   1,  44,  13],
       [ 63,   0, 121,   2,   5,   1,   4,  21,   0,   0,  53,  12]]), 'relative': array([[28.31608655,  0.        , 12.41768579,  9.97177799,  0.8466604 ,
         6.58513641,  5.3621825 , 26.90498589,  0.18814675,  0.09407338,
         1.78739417,  7.52587018],
       [28.42105263,  0.        , 15.78947368,  3.15789474,  0.        ,
         9.47368421,  3.15789474, 20.        ,  0.        ,  2.10526316,
         9.47368421,  8.42105263],
       [13.51351351,  0.        , 29.72972973,  8.10810811,  2.7027027 ,
         0.        , 18.91891892, 27.02702703,  0.        ,  0.        ,
         0.        ,  0.        ],
       [14.75409836,  0.        , 27.04918033, 28.68852459,  0.81967213,
         4.91803279,  1.63934426, 12.29508197,  0.        ,  0.        ,
         8.19672131,  1.63934426],
       [20.11494253,  0.        , 25.        ,  2.29885057,  1.14942529,
         3.73563218,  0.28735632, 26.43678161,  0.57471264,  0.        ,
        19.82758621,  0.57471264],
       [16.83168317,  0.        ,  7.07213579,  4.10183876,  0.21216407,
        36.63366337,  1.55586987, 27.79349364,  0.07072136,  0.        ,
         1.55586987,  4.17256011],
       [15.11627907,  0.        ,  5.81395349,  6.97674419,  1.1627907 ,
         1.1627907 , 53.48837209,  8.13953488,  0.        ,  0.        ,
         2.3255814 ,  5.81395349],
       [12.99303944,  0.        , 12.0649652 ,  6.96055684,  0.11600928,
         3.82830626,  0.92807425, 60.32482599,  0.        ,  0.23201856,
         1.62412993,  0.92807425],
       [12.        ,  0.        , 32.        ,  4.        ,  0.        ,
         8.        ,  0.        , 28.        ,  0.        ,  0.        ,
        16.        ,  0.        ],
       [21.25      ,  0.        , 21.875     ,  4.375     ,  0.        ,
         6.25      ,  0.        , 19.375     ,  0.        ,  4.375     ,
        18.75      ,  3.75      ],
       [11.00478469,  0.        , 31.57894737, 11.48325359,  0.9569378 ,
         5.74162679,  1.4354067 , 10.04784689,  0.        ,  0.4784689 ,
        21.05263158,  6.22009569],
       [22.34042553,  0.        , 42.90780142,  0.70921986,  1.77304965,
         0.35460993,  1.41843972,  7.44680851,  0.        ,  0.        ,
        18.79432624,  4.25531915]])}, 'Majority Class (baseline)': {'absolute': array([[   0,    0,    0,    0,    0, 1063,    0,    0,    0,    0,    0,
           0],
       [   0,    0,    0,    0,    0,   95,    0,    0,    0,    0,    0,
           0],
       [   0,    0,    0,    0,    0,   37,    0,    0,    0,    0,    0,
           0],
       [   0,    0,    0,    0,    0,  122,    0,    0,    0,    0,    0,
           0],
       [   0,    0,    0,    0,    0,  348,    0,    0,    0,    0,    0,
           0],
       [   0,    0,    0,    0,    0, 1414,    0,    0,    0,    0,    0,
           0],
       [   0,    0,    0,    0,    0,   86,    0,    0,    0,    0,    0,
           0],
       [   0,    0,    0,    0,    0,  862,    0,    0,    0,    0,    0,
           0],
       [   0,    0,    0,    0,    0,   25,    0,    0,    0,    0,    0,
           0],
       [   0,    0,    0,    0,    0,  160,    0,    0,    0,    0,    0,
           0],
       [   0,    0,    0,    0,    0,  209,    0,    0,    0,    0,    0,
           0],
       [   0,    0,    0,    0,    0,  282,    0,    0,    0,    0,    0,
           0]]), 'relative': array([[  0.,   0.,   0.,   0.,   0., 100.,   0.,   0.,   0.,   0.,   0.,
          0.],
       [  0.,   0.,   0.,   0.,   0., 100.,   0.,   0.,   0.,   0.,   0.,
          0.],
       [  0.,   0.,   0.,   0.,   0., 100.,   0.,   0.,   0.,   0.,   0.,
          0.],
       [  0.,   0.,   0.,   0.,   0., 100.,   0.,   0.,   0.,   0.,   0.,
          0.],
       [  0.,   0.,   0.,   0.,   0., 100.,   0.,   0.,   0.,   0.,   0.,
          0.],
       [  0.,   0.,   0.,   0.,   0., 100.,   0.,   0.,   0.,   0.,   0.,
          0.],
       [  0.,   0.,   0.,   0.,   0., 100.,   0.,   0.,   0.,   0.,   0.,
          0.],
       [  0.,   0.,   0.,   0.,   0., 100.,   0.,   0.,   0.,   0.,   0.,
          0.],
       [  0.,   0.,   0.,   0.,   0., 100.,   0.,   0.,   0.,   0.,   0.,
          0.],
       [  0.,   0.,   0.,   0.,   0., 100.,   0.,   0.,   0.,   0.,   0.,
          0.],
       [  0.,   0.,   0.,   0.,   0., 100.,   0.,   0.,   0.,   0.,   0.,
          0.],
       [  0.,   0.,   0.,   0.,   0., 100.,   0.,   0.,   0.,   0.,   0.,
          0.]])}}, 'importances_dfs': {'tree_based':                                                Feature  Importance
116  API_DeviceData_android.content.ContentResolver...    0.070099
83   API_DeviceInfo_android.net.wifi.WifiInfo_getMa...    0.069162
117  API_DeviceData_android.content.ContentResolver...    0.040054
96             API_Network_java.net.URL_openConnection    0.038992
3                                  Memory_PrivateDirty    0.033747
..                                                 ...         ...
99   API_Network_com.android.okhttp.internal.http.H...    0.000000
47   API_Database_android.content.ContextWrapper_de...    0.000000
114  API_SMS_android.telephony.SmsManager_sendMulti...    0.000000
15                                Memory_AssetManagers    0.000000
97   API_Network_org.apache.http.impl.client.Abstra...    0.000000

[142 rows x 2 columns]}}, 'in_tuning_runner': None, 'post_tuning_runner': None}
