2025-06-01 13:48:27,018 - my_logger - INFO - Pipeline runner started at 2025-06-01 13:48:27
2025-06-01 13:48:27,782 - my_logger - INFO - 'dataset' returned: ('X_train: (22092, 142)', 'X_val: (2761, 142)', 'X_test: (2762, 142)')
2025-06-01 13:48:27,865 - my_logger - INFO - 'data_preprocessing' returned: {}
2025-06-01 13:48:27,867 - my_logger - INFO - 'feature_analysis' returned: {'feature_transformation_results': None, 'manual_feature_selection_results': {'MutualInformation': 'Threshold: 0.2, Delete features: True', 'LowVariances': 'Threshold: 0.01, Delete features: True', 'VIF': 'Threshold: 10, Delete features: True', 'PCA': 'Threshold: 0.95, Delete features: True'}, 'automatic_feature_selection_results': {'L1': {'predictivePowerFeatures': None, 'excludedFeatures': None, 'deletesFeatures': True}, 'Boruta': {'selected_features': None, 'excludedFeatures': None, 'deletesFeatures': True}}}
2025-06-01 13:49:47,502 - my_logger - INFO - 'modelling' returned: {'pre_tuning_runner': {'metrics_df': {'id': {0: '94d8ce9ce67375984ce473c1597ab4f059dc898548e1c742ee0ea3edf5039735'}, 'timeStamp': {0: '2025-06-01 13:48:40'}, 'comments': {0: 'A VERY GREAT COMMENT, I CAN TELL YOU THAT'}, 'modelName': {0: 'Majority Class (baseline)'}, 'currentPhase': {0: 'pre'}, 'features_used': {0: ['Memory_PssTotal', 'Memory_PssClean', 'Memory_SharedDirty', 'Memory_PrivateDirty', 'Memory_SharedClean', 'Memory_PrivateClean', 'Memory_SwapPssDirty', 'Memory_HeapSize', 'Memory_HeapAlloc', 'Memory_HeapFree', 'Memory_Views', 'Memory_ViewRootImpl', 'Memory_AppContexts', 'Memory_Activities', 'Memory_Assets', 'Memory_AssetManagers', 'Memory_LocalBinders', 'Memory_ProxyBinders', 'Memory_ParcelMemory', 'Memory_ParcelCount', 'Memory_DeathRecipients', 'Memory_OpenSSLSockets', 'Memory_WebViews', 'API_Process_android.os.Process_start', 'API_Process_android.app.ActivityManager_killBackgroundProcesses', 'API_Process_android.os.Process_killProcess', 'API_Command_java.lang.Runtime_exec', 'API_Command_java.lang.ProcessBuilder_start', 'API_JavaNativeInterface_java.lang.Runtime_loadLibrary', 'API_JavaNativeInterface_java.lang.Runtime_load', 'API_WebView_android.webkit.WebView_loadUrl', 'API_WebView_android.webkit.WebView_loadData', 'API_WebView_android.webkit.WebView_loadDataWithBaseURL', 'API_WebView_android.webkit.WebView_addJavascriptInterface', 'API_WebView_android.webkit.WebView_evaluateJavascript', 'API_WebView_android.webkit.WebView_postUrl', 'API_WebView_android.webkit.WebView_postWebMessage', 'API_WebView_android.webkit.WebView_savePassword', 'API_WebView_android.webkit.WebView_setHttpAuthUsernamePassword', 'API_WebView_android.webkit.WebView_getHttpAuthUsernamePassword', 'API_WebView_android.webkit.WebView_setWebContentsDebuggingEnabled', 'API_FileIO_libcore.io.IoBridge_open', 'API_FileIO_android.content.ContextWrapper_openFileInput', 'API_FileIO_android.content.ContextWrapper_openFileOutput', 'API_FileIO_android.content.ContextWrapper_deleteFile', 'API_Database_android.content.ContextWrapper_openOrCreateDatabase', 'API_Database_android.content.ContextWrapper_databaseList', 'API_Database_android.content.ContextWrapper_deleteDatabase', 'API_Database_android.database.sqlite.SQLiteDatabase_execSQL', 'API_Database_android.database.sqlite.SQLiteDatabase_deleteDatabase', 'API_Database_android.database.sqlite.SQLiteDatabase_getPath', 'API_Database_android.database.sqlite.SQLiteDatabase_insert', 'API_Database_android.database.sqlite.SQLiteDatabase_insertOrThrow', 'API_Database_android.database.sqlite.SQLiteDatabase_insertWithOnConflict', 'API_Database_android.database.sqlite.SQLiteDatabase_openDatabase', 'API_Database_android.database.sqlite.SQLiteDatabase_openOrCreateDatabase', 'API_Database_android.database.sqlite.SQLiteDatabase_query', 'API_Database_android.database.sqlite.SQLiteDatabase_queryWithFactory', 'API_Database_android.database.sqlite.SQLiteDatabase_rawQuery', 'API_Database_android.database.sqlite.SQLiteDatabase_rawQueryWithFactory', 'API_Database_android.database.sqlite.SQLiteDatabase_update', 'API_Database_android.database.sqlite.SQLiteDatabase_updateWithOnConflict', 'API_Database_android.database.sqlite.SQLiteDatabase_compileStatement', 'API_Database_android.database.sqlite.SQLiteDatabase_create', 'API_IPC_android.content.ContextWrapper_sendBroadcast', 'API_IPC_android.content.ContextWrapper_sendStickyBroadcast', 'API_IPC_android.content.ContextWrapper_startActivity', 'API_IPC_android.content.ContextWrapper_startService', 'API_IPC_android.content.ContextWrapper_stopService', 'API_IPC_android.content.ContextWrapper_registerReceiver', 'API_Binder_android.app.ContextImpl_registerReceiver', 'API_Binder_android.app.ActivityThread_handleReceiver', 'API_Binder_android.app.Activity_startActivity', 'API_Crypto_javax.crypto.spec.SecretKeySpec_$init', 'API_Crypto_javax.crypto.Cipher_doFinal', 'API_Crypto-Hash_java.security.MessageDigest_digest', 'API_Crypto-Hash_java.security.MessageDigest_update', 'API_DeviceInfo_android.telephony.TelephonyManager_getDeviceId', 'API_DeviceInfo_android.telephony.TelephonyManager_getSubscriberId', 'API_DeviceInfo_android.telephony.TelephonyManager_getLine1Number', 'API_DeviceInfo_android.telephony.TelephonyManager_getNetworkOperator', 'API_DeviceInfo_android.telephony.TelephonyManager_getNetworkOperatorName', 'API_DeviceInfo_android.telephony.TelephonyManager_getSimOperatorName', 'API_DeviceInfo_android.net.wifi.WifiInfo_getMacAddress', 'API_DeviceInfo_android.net.wifi.WifiInfo_getBSSID', 'API_DeviceInfo_android.net.wifi.WifiInfo_getIpAddress', 'API_DeviceInfo_android.net.wifi.WifiInfo_getNetworkId', 'API_DeviceInfo_android.telephony.TelephonyManager_getSimCountryIso', 'API_DeviceInfo_android.telephony.TelephonyManager_getSimSerialNumber', 'API_DeviceInfo_android.telephony.TelephonyManager_getNetworkCountryIso', 'API_DeviceInfo_android.telephony.TelephonyManager_getDeviceSoftwareVersion', 'API_DeviceInfo_android.os.Debug_isDebuggerConnected', 'API_DeviceInfo_android.content.pm.PackageManager_getInstallerPackageName', 'API_DeviceInfo_android.content.pm.PackageManager_getInstalledApplications', 'API_DeviceInfo_android.content.pm.PackageManager_getInstalledModules', 'API_DeviceInfo_android.content.pm.PackageManager_getInstalledPackages', 'API_Network_java.net.URL_openConnection', 'API_Network_org.apache.http.impl.client.AbstractHttpClient_execute', 'API_Network_com.android.okhttp.internal.huc.HttpURLConnectionImpl_getInputStream', 'API_Network_com.android.okhttp.internal.http.HttpURLConnectionImpl_getInputStream', 'API_DexClassLoader_dalvik.system.BaseDexClassLoader_findResource', 'API_DexClassLoader_dalvik.system.BaseDexClassLoader_findResources', 'API_DexClassLoader_dalvik.system.BaseDexClassLoader_findLibrary', 'API_DexClassLoader_dalvik.system.DexFile_loadDex', 'API_DexClassLoader_dalvik.system.DexFile_loadClass', 'API_DexClassLoader_dalvik.system.DexClassLoader_$init', 'API_Base64_android.util.Base64_decode', 'API_Base64_android.util.Base64_encode', 'API_Base64_android.util.Base64_encodeToString', 'API_SystemManager_android.app.ApplicationPackageManager_setComponentEnabledSetting', 'API_SystemManager_android.app.NotificationManager_notify', 'API_SystemManager_android.telephony.TelephonyManager_listen', 'API_SystemManager_android.content.BroadcastReceiver_abortBroadcast', 'API_SMS_android.telephony.SmsManager_sendTextMessage', 'API_SMS_android.telephony.SmsManager_sendMultipartTextMessage', 'API_DeviceData_android.content.ContentResolver_query', 'API_DeviceData_android.content.ContentResolver_registerContentObserver', 'API_DeviceData_android.content.ContentResolver_insert', 'API_DeviceData_android.content.ContentResolver_delete', 'API_DeviceData_android.accounts.AccountManager_getAccountsByType', 'API_DeviceData_android.accounts.AccountManager_getAccounts', 'API_DeviceData_android.location.Location_getLatitude', 'API_DeviceData_android.location.Location_getLongitude', 'API_DeviceData_android.media.AudioRecord_startRecording', 'API_DeviceData_android.media.MediaRecorder_start', 'API_DeviceData_android.os.SystemProperties_get', 'API_DeviceData_android.app.ApplicationPackageManager_getInstalledPackages', 'API__sessions', 'Network_TotalReceivedBytes', 'Network_TotalReceivedPackets', 'Network_TotalTransmittedBytes', 'Network_TotalTransmittedPackets', 'Battery_wakelock', 'Battery_service', 'Logcat_info', 'Logcat_error', 'Logcat_warning', 'Logcat_debug', 'Logcat_verbose', 'Logcat_total', 'Process_total', 'Reboot_before', 'Network_TotalTransmittedBytes_x_Network_TotalReceivedBytes', 'Riskware_Adware_Ratio']}, 'hyperParameters': {0: '{}'}, 'timeToFit': {0: 0.0017268657684326172}, 'timeToPredict': {0: 7.796287536621094e-05}, 'accuracy_val': {0: 0.49909453096704093}, 'accuracy_test': {0: -1}, 'precision_val': {0: 0.2490953508412106}, 'precision_test': {0: -1}, 'recall_val': {0: 0.49909453096704093}, 'recall_test': {0: -1}, 'f1-score_val': {0: 0.33232774277486465}, 'f1-score_test': {0: -1}, 'kappa_val': {0: 0.0}, 'kappa_test': {0: -1}, 'weightedaccuracy_val': {0: 0.08823529411764706}, 'weightedaccuracy_test': {0: -1}}, 'residuals': {'tree_based': 43517    9
14788    3
22745    4
49711    3
16372    7
        ..
50599    0
17739    4
18507    4
36364    4
14011    3
Length: 382, dtype: int64, 'naive_bayes': 43517    9
23936    4
19047    4
611      8
21387    4
        ..
38937    4
39089    4
51489    9
38367    4
42991    9
Length: 2378, dtype: int64, 'feed_forward_neural_network': 23936    4
19047    4
611      8
21387    4
23873    4
        ..
38937    4
39089    4
51489    9
38367    4
42991    9
Length: 2150, dtype: int64, 'baselines': 43517    9
611      8
50607    0
52372    2
49882    3
        ..
49388    3
14011    3
51489    9
42991    9
48876    3
Length: 1383, dtype: int64}, 'confusion_matrices': {'Decision Tree': {'absolute': array([[  87,    0,    1,    3,   19,    0,    0,    2,    6,    3],
       [   0,   22,    0,    0,    1,    1,    0,    0,    0,    0],
       [   4,    0,  109,    1,   12,    3,    0,    2,    2,    1],
       [   2,    0,    1,  261,   10,    4,    0,   35,    7,   19],
       [  15,    3,    8,    9, 1296,    3,    2,    9,   25,    8],
       [   2,    0,    2,    0,    6,   73,    0,    1,    1,    1],
       [   1,    0,    0,    3,    0,    1,   15,    2,    0,    1],
       [   4,    0,    0,   34,    9,    0,    5,   92,    5,    2],
       [   4,    0,    4,    3,   22,    5,    1,    4,  158,    4],
       [   0,    1,    0,   16,    6,    4,    1,    3,    3,  266]]), 'relative': array([[71.90082645,  0.        ,  0.82644628,  2.47933884, 15.70247934,
         0.        ,  0.        ,  1.65289256,  4.95867769,  2.47933884],
       [ 0.        , 91.66666667,  0.        ,  0.        ,  4.16666667,
         4.16666667,  0.        ,  0.        ,  0.        ,  0.        ],
       [ 2.98507463,  0.        , 81.34328358,  0.74626866,  8.95522388,
         2.23880597,  0.        ,  1.49253731,  1.49253731,  0.74626866],
       [ 0.5899705 ,  0.        ,  0.29498525, 76.99115044,  2.94985251,
         1.179941  ,  0.        , 10.32448378,  2.06489676,  5.60471976],
       [ 1.08853411,  0.21770682,  0.58055152,  0.65312046, 94.04934688,
         0.21770682,  0.14513788,  0.65312046,  1.81422351,  0.58055152],
       [ 2.3255814 ,  0.        ,  2.3255814 ,  0.        ,  6.97674419,
        84.88372093,  0.        ,  1.1627907 ,  1.1627907 ,  1.1627907 ],
       [ 4.34782609,  0.        ,  0.        , 13.04347826,  0.        ,
         4.34782609, 65.2173913 ,  8.69565217,  0.        ,  4.34782609],
       [ 2.64900662,  0.        ,  0.        , 22.51655629,  5.9602649 ,
         0.        ,  3.31125828, 60.92715232,  3.31125828,  1.32450331],
       [ 1.95121951,  0.        ,  1.95121951,  1.46341463, 10.73170732,
         2.43902439,  0.48780488,  1.95121951, 77.07317073,  1.95121951],
       [ 0.        ,  0.33333333,  0.        ,  5.33333333,  2.        ,
         1.33333333,  0.33333333,  1.        ,  1.        , 88.66666667]])}, 'Naive Bayes': {'absolute': array([[   0,    0,    0,  117,    3,    0,    0,    0,    0,    1],
       [   0,    0,    0,   23,    1,    0,    0,    0,    0,    0],
       [   0,    0,   32,   95,    4,    0,    0,    0,    0,    3],
       [   0,    0,    0,  336,    2,    0,    0,    0,    0,    1],
       [   0,    0,    0, 1352,   11,    0,    0,    0,    0,   15],
       [   0,    0,    0,   75,    4,    0,    0,    0,    0,    7],
       [   0,    0,    0,   22,    1,    0,    0,    0,    0,    0],
       [   0,    0,    0,  144,    4,    0,    0,    0,    0,    3],
       [   0,    0,    2,  199,    3,    0,    0,    0,    0,    1],
       [   0,    0,    0,  294,    2,    0,    0,    0,    0,    4]]), 'relative': array([[ 0.        ,  0.        ,  0.        , 96.69421488,  2.47933884,
         0.        ,  0.        ,  0.        ,  0.        ,  0.82644628],
       [ 0.        ,  0.        ,  0.        , 95.83333333,  4.16666667,
         0.        ,  0.        ,  0.        ,  0.        ,  0.        ],
       [ 0.        ,  0.        , 23.88059701, 70.89552239,  2.98507463,
         0.        ,  0.        ,  0.        ,  0.        ,  2.23880597],
       [ 0.        ,  0.        ,  0.        , 99.11504425,  0.5899705 ,
         0.        ,  0.        ,  0.        ,  0.        ,  0.29498525],
       [ 0.        ,  0.        ,  0.        , 98.11320755,  0.79825835,
         0.        ,  0.        ,  0.        ,  0.        ,  1.08853411],
       [ 0.        ,  0.        ,  0.        , 87.20930233,  4.65116279,
         0.        ,  0.        ,  0.        ,  0.        ,  8.13953488],
       [ 0.        ,  0.        ,  0.        , 95.65217391,  4.34782609,
         0.        ,  0.        ,  0.        ,  0.        ,  0.        ],
       [ 0.        ,  0.        ,  0.        , 95.36423841,  2.64900662,
         0.        ,  0.        ,  0.        ,  0.        ,  1.98675497],
       [ 0.        ,  0.        ,  0.97560976, 97.07317073,  1.46341463,
         0.        ,  0.        ,  0.        ,  0.        ,  0.48780488],
       [ 0.        ,  0.        ,  0.        , 98.        ,  0.66666667,
         0.        ,  0.        ,  0.        ,  0.        ,  1.33333333]])}, 'Feed Forward Neural Network': {'absolute': array([[ 14,   0,  71,  26,   2,   0,   0,   3,   4,   1],
       [  1,   0,   8,  10,   4,   0,   1,   0,   0,   0],
       [ 20,   0,  81,  14,   4,   0,   1,   1,   7,   6],
       [ 11,   0,  13, 271,  11,   0,   5,   1,   1,  26],
       [ 80,   0, 986,  91, 124,   0,  34,   9,  44,  10],
       [  5,   0,  18,  11,  47,   1,   2,   0,   2,   0],
       [  6,   0,   4,  12,   0,   0,   0,   1,   0,   0],
       [ 10,   0,  35,  97,   0,   0,   0,   2,   2,   5],
       [ 20,   0,  74,  51,  14,   0,   2,   2,  18,  24],
       [ 14,   0,  81,  79,   8,   0,   5,   8,   5, 100]]), 'relative': array([[11.57024793,  0.        , 58.67768595, 21.48760331,  1.65289256,
         0.        ,  0.        ,  2.47933884,  3.30578512,  0.82644628],
       [ 4.16666667,  0.        , 33.33333333, 41.66666667, 16.66666667,
         0.        ,  4.16666667,  0.        ,  0.        ,  0.        ],
       [14.92537313,  0.        , 60.44776119, 10.44776119,  2.98507463,
         0.        ,  0.74626866,  0.74626866,  5.2238806 ,  4.47761194],
       [ 3.24483776,  0.        ,  3.83480826, 79.94100295,  3.24483776,
         0.        ,  1.47492625,  0.29498525,  0.29498525,  7.66961652],
       [ 5.80551524,  0.        , 71.55297533,  6.60377358,  8.99854862,
         0.        ,  2.46734398,  0.65312046,  3.19303338,  0.7256894 ],
       [ 5.81395349,  0.        , 20.93023256, 12.79069767, 54.65116279,
         1.1627907 ,  2.3255814 ,  0.        ,  2.3255814 ,  0.        ],
       [26.08695652,  0.        , 17.39130435, 52.17391304,  0.        ,
         0.        ,  0.        ,  4.34782609,  0.        ,  0.        ],
       [ 6.62251656,  0.        , 23.17880795, 64.2384106 ,  0.        ,
         0.        ,  0.        ,  1.32450331,  1.32450331,  3.31125828],
       [ 9.75609756,  0.        , 36.09756098, 24.87804878,  6.82926829,
         0.        ,  0.97560976,  0.97560976,  8.7804878 , 11.70731707],
       [ 4.66666667,  0.        , 27.        , 26.33333333,  2.66666667,
         0.        ,  1.66666667,  2.66666667,  1.66666667, 33.33333333]])}, 'Majority Class (baseline)': {'absolute': array([[   0,    0,    0,    0,  121,    0,    0,    0,    0,    0],
       [   0,    0,    0,    0,   24,    0,    0,    0,    0,    0],
       [   0,    0,    0,    0,  134,    0,    0,    0,    0,    0],
       [   0,    0,    0,    0,  339,    0,    0,    0,    0,    0],
       [   0,    0,    0,    0, 1378,    0,    0,    0,    0,    0],
       [   0,    0,    0,    0,   86,    0,    0,    0,    0,    0],
       [   0,    0,    0,    0,   23,    0,    0,    0,    0,    0],
       [   0,    0,    0,    0,  151,    0,    0,    0,    0,    0],
       [   0,    0,    0,    0,  205,    0,    0,    0,    0,    0],
       [   0,    0,    0,    0,  300,    0,    0,    0,    0,    0]]), 'relative': array([[  0.,   0.,   0.,   0., 100.,   0.,   0.,   0.,   0.,   0.],
       [  0.,   0.,   0.,   0., 100.,   0.,   0.,   0.,   0.,   0.],
       [  0.,   0.,   0.,   0., 100.,   0.,   0.,   0.,   0.,   0.],
       [  0.,   0.,   0.,   0., 100.,   0.,   0.,   0.,   0.,   0.],
       [  0.,   0.,   0.,   0., 100.,   0.,   0.,   0.,   0.,   0.],
       [  0.,   0.,   0.,   0., 100.,   0.,   0.,   0.,   0.,   0.],
       [  0.,   0.,   0.,   0., 100.,   0.,   0.,   0.,   0.,   0.],
       [  0.,   0.,   0.,   0., 100.,   0.,   0.,   0.,   0.,   0.],
       [  0.,   0.,   0.,   0., 100.,   0.,   0.,   0.,   0.,   0.],
       [  0.,   0.,   0.,   0., 100.,   0.,   0.,   0.,   0.,   0.]])}}}, 'in_tuning_runner': None, 'post_tuning_runner': None}
