2025-05-22 19:04:46,066 - my_logger - INFO - Pipeline runner started at 2025-05-22 19:04:46
2025-05-22 19:04:47,228 - my_logger - INFO - 'dataset' returned: ('X_train: (37625, 142)', 'X_val: (4703, 142)', 'X_test: (4704, 142)')
2025-05-22 19:04:53,710 - my_logger - INFO - 'data_preprocessing' returned: {'not_baseline': {'ensembled': 'Handled missing values : No missing values found in the dataset; Duplicates analyzed : There are 0 duplicates in the dataset; Outliers detected by percentile : None; Features scaled with robust : Successfully scaled 142 features. Plotted distributions for the first 5 features.\nTo check the results run:\n your_pipeline.dataset.X_train.head(); Class imbalance: Successfully balanced classes via SMOTE. Started with a 0.02:1 ratio; now 1:1.'}}
2025-05-22 19:04:55,047 - my_logger - INFO - 'feature_analysis' returned: {'feature_transformation_results': None, 'manual_feature_selection_results': {'MutualInformation': 'This is mutual information', 'LowVariances': 'This is low variances', 'VIF': 'This is VIF', 'PCA': 'This is PCA'}, 'automatic_feature_selection_results': {'L1': {'predictivePowerFeatures': 'This is predictive power features', 'excludedFeatures': 'This is excluded features', 'coefficients': 'This is coefficients'}, 'Boruta': {'selected_features': 'This is selected features', 'excludedFeatures': 'This is excluded features'}}}
2025-05-22 19:05:14,527 - my_logger - INFO - 'modelling' returned: {'pre_tuning_runner': ({'id': {0: '4befebefd4f4f643dc75a7afad2b5e224a9bcf5a19eefab966ac17ee131036a7'}, 'timeStamp': {0: '2025-05-22 19:05:10'}, 'comments': {0: 'UPDATED KAPPA NAME IN THE CSV, ONE SECOND TIME'}, 'modelName': {0: 'Majority Class (baseline)'}, 'currentPhase': {0: 'pre'}, 'features_used': {0: ['Memory_PssTotal', 'Memory_PssClean', 'Memory_SharedDirty', 'Memory_PrivateDirty', 'Memory_SharedClean', 'Memory_PrivateClean', 'Memory_SwapPssDirty', 'Memory_HeapSize', 'Memory_HeapAlloc', 'Memory_HeapFree', 'Memory_Views', 'Memory_ViewRootImpl', 'Memory_AppContexts', 'Memory_Activities', 'Memory_Assets', 'Memory_AssetManagers', 'Memory_LocalBinders', 'Memory_ProxyBinders', 'Memory_ParcelMemory', 'Memory_ParcelCount', 'Memory_DeathRecipients', 'Memory_OpenSSLSockets', 'Memory_WebViews', 'API_Process_android.os.Process_start', 'API_Process_android.app.ActivityManager_killBackgroundProcesses', 'API_Process_android.os.Process_killProcess', 'API_Command_java.lang.Runtime_exec', 'API_Command_java.lang.ProcessBuilder_start', 'API_JavaNativeInterface_java.lang.Runtime_loadLibrary', 'API_JavaNativeInterface_java.lang.Runtime_load', 'API_WebView_android.webkit.WebView_loadUrl', 'API_WebView_android.webkit.WebView_loadData', 'API_WebView_android.webkit.WebView_loadDataWithBaseURL', 'API_WebView_android.webkit.WebView_addJavascriptInterface', 'API_WebView_android.webkit.WebView_evaluateJavascript', 'API_WebView_android.webkit.WebView_postUrl', 'API_WebView_android.webkit.WebView_postWebMessage', 'API_WebView_android.webkit.WebView_savePassword', 'API_WebView_android.webkit.WebView_setHttpAuthUsernamePassword', 'API_WebView_android.webkit.WebView_getHttpAuthUsernamePassword', 'API_WebView_android.webkit.WebView_setWebContentsDebuggingEnabled', 'API_FileIO_libcore.io.IoBridge_open', 'API_FileIO_android.content.ContextWrapper_openFileInput', 'API_FileIO_android.content.ContextWrapper_openFileOutput', 'API_FileIO_android.content.ContextWrapper_deleteFile', 'API_Database_android.content.ContextWrapper_openOrCreateDatabase', 'API_Database_android.content.ContextWrapper_databaseList', 'API_Database_android.content.ContextWrapper_deleteDatabase', 'API_Database_android.database.sqlite.SQLiteDatabase_execSQL', 'API_Database_android.database.sqlite.SQLiteDatabase_deleteDatabase', 'API_Database_android.database.sqlite.SQLiteDatabase_getPath', 'API_Database_android.database.sqlite.SQLiteDatabase_insert', 'API_Database_android.database.sqlite.SQLiteDatabase_insertOrThrow', 'API_Database_android.database.sqlite.SQLiteDatabase_insertWithOnConflict', 'API_Database_android.database.sqlite.SQLiteDatabase_openDatabase', 'API_Database_android.database.sqlite.SQLiteDatabase_openOrCreateDatabase', 'API_Database_android.database.sqlite.SQLiteDatabase_query', 'API_Database_android.database.sqlite.SQLiteDatabase_queryWithFactory', 'API_Database_android.database.sqlite.SQLiteDatabase_rawQuery', 'API_Database_android.database.sqlite.SQLiteDatabase_rawQueryWithFactory', 'API_Database_android.database.sqlite.SQLiteDatabase_update', 'API_Database_android.database.sqlite.SQLiteDatabase_updateWithOnConflict', 'API_Database_android.database.sqlite.SQLiteDatabase_compileStatement', 'API_Database_android.database.sqlite.SQLiteDatabase_create', 'API_IPC_android.content.ContextWrapper_sendBroadcast', 'API_IPC_android.content.ContextWrapper_sendStickyBroadcast', 'API_IPC_android.content.ContextWrapper_startActivity', 'API_IPC_android.content.ContextWrapper_startService', 'API_IPC_android.content.ContextWrapper_stopService', 'API_IPC_android.content.ContextWrapper_registerReceiver', 'API_Binder_android.app.ContextImpl_registerReceiver', 'API_Binder_android.app.ActivityThread_handleReceiver', 'API_Binder_android.app.Activity_startActivity', 'API_Crypto_javax.crypto.spec.SecretKeySpec_$init', 'API_Crypto_javax.crypto.Cipher_doFinal', 'API_Crypto-Hash_java.security.MessageDigest_digest', 'API_Crypto-Hash_java.security.MessageDigest_update', 'API_DeviceInfo_android.telephony.TelephonyManager_getDeviceId', 'API_DeviceInfo_android.telephony.TelephonyManager_getSubscriberId', 'API_DeviceInfo_android.telephony.TelephonyManager_getLine1Number', 'API_DeviceInfo_android.telephony.TelephonyManager_getNetworkOperator', 'API_DeviceInfo_android.telephony.TelephonyManager_getNetworkOperatorName', 'API_DeviceInfo_android.telephony.TelephonyManager_getSimOperatorName', 'API_DeviceInfo_android.net.wifi.WifiInfo_getMacAddress', 'API_DeviceInfo_android.net.wifi.WifiInfo_getBSSID', 'API_DeviceInfo_android.net.wifi.WifiInfo_getIpAddress', 'API_DeviceInfo_android.net.wifi.WifiInfo_getNetworkId', 'API_DeviceInfo_android.telephony.TelephonyManager_getSimCountryIso', 'API_DeviceInfo_android.telephony.TelephonyManager_getSimSerialNumber', 'API_DeviceInfo_android.telephony.TelephonyManager_getNetworkCountryIso', 'API_DeviceInfo_android.telephony.TelephonyManager_getDeviceSoftwareVersion', 'API_DeviceInfo_android.os.Debug_isDebuggerConnected', 'API_DeviceInfo_android.content.pm.PackageManager_getInstallerPackageName', 'API_DeviceInfo_android.content.pm.PackageManager_getInstalledApplications', 'API_DeviceInfo_android.content.pm.PackageManager_getInstalledModules', 'API_DeviceInfo_android.content.pm.PackageManager_getInstalledPackages', 'API_Network_java.net.URL_openConnection', 'API_Network_org.apache.http.impl.client.AbstractHttpClient_execute', 'API_Network_com.android.okhttp.internal.huc.HttpURLConnectionImpl_getInputStream', 'API_Network_com.android.okhttp.internal.http.HttpURLConnectionImpl_getInputStream', 'API_DexClassLoader_dalvik.system.BaseDexClassLoader_findResource', 'API_DexClassLoader_dalvik.system.BaseDexClassLoader_findResources', 'API_DexClassLoader_dalvik.system.BaseDexClassLoader_findLibrary', 'API_DexClassLoader_dalvik.system.DexFile_loadDex', 'API_DexClassLoader_dalvik.system.DexFile_loadClass', 'API_DexClassLoader_dalvik.system.DexClassLoader_$init', 'API_Base64_android.util.Base64_decode', 'API_Base64_android.util.Base64_encode', 'API_Base64_android.util.Base64_encodeToString', 'API_SystemManager_android.app.ApplicationPackageManager_setComponentEnabledSetting', 'API_SystemManager_android.app.NotificationManager_notify', 'API_SystemManager_android.telephony.TelephonyManager_listen', 'API_SystemManager_android.content.BroadcastReceiver_abortBroadcast', 'API_SMS_android.telephony.SmsManager_sendTextMessage', 'API_SMS_android.telephony.SmsManager_sendMultipartTextMessage', 'API_DeviceData_android.content.ContentResolver_query', 'API_DeviceData_android.content.ContentResolver_registerContentObserver', 'API_DeviceData_android.content.ContentResolver_insert', 'API_DeviceData_android.content.ContentResolver_delete', 'API_DeviceData_android.accounts.AccountManager_getAccountsByType', 'API_DeviceData_android.accounts.AccountManager_getAccounts', 'API_DeviceData_android.location.Location_getLatitude', 'API_DeviceData_android.location.Location_getLongitude', 'API_DeviceData_android.media.AudioRecord_startRecording', 'API_DeviceData_android.media.MediaRecorder_start', 'API_DeviceData_android.os.SystemProperties_get', 'API_DeviceData_android.app.ApplicationPackageManager_getInstalledPackages', 'API__sessions', 'Network_TotalReceivedBytes', 'Network_TotalReceivedPackets', 'Network_TotalTransmittedBytes', 'Network_TotalTransmittedPackets', 'Battery_wakelock', 'Battery_service', 'Logcat_info', 'Logcat_error', 'Logcat_warning', 'Logcat_debug', 'Logcat_verbose', 'Logcat_total', 'Process_total', 'Reboot_before']}, 'hyperParameters': {0: '{}'}, 'timeToFit': {0: 0.0011141300201416016}, 'timeToPredict': {0: 7.891654968261719e-05}, 'accuracy_val': {0: 0.30065915373166063}, 'accuracy_test': {0: -1}, 'precision_val': {0: 0.09039592672263835}, 'precision_test': {0: -1}, 'recall_val': {0: 0.30065915373166063}, 'recall_test': {0: -1}, 'f1-score_val': {0: 0.13900017766113068}, 'f1-score_test': {0: -1}, 'kappa_val': {0: 0.0}, 'kappa_test': {0: -1}}, {'tree_based': 53099     3
42114    11
46186     7
41946    10
12505     0
         ..
2906      0
33099     7
52857     3
47610     7
36519     5
Length: 848, dtype: int64, 'naive_bayes': 53099    3
30660    7
24323    5
11712    0
52498    3
        ..
44394    7
7212     0
7612     0
46313    7
36519    5
Length: 3853, dtype: int64, 'feed_forward_neural_network': 53099    3
30660    7
24323    5
11712    0
52498    3
        ..
44394    7
7212     0
7612     0
46313    7
36519    5
Length: 3776, dtype: int64, 'baselines': 53099    3
30660    7
11712    0
52498    3
5763     0
        ..
47610    7
44394    7
7212     0
7612     0
46313    7
Length: 3289, dtype: int64}, {'Decision Tree': {'absolute': array([[ 878,   16,    4,   19,    4,   76,    5,   33,    3,    6,   15,
           4],
       [  12,   57,    0,    2,    1,   10,    0,    4,    0,    1,    5,
           3],
       [   4,    0,   27,    1,    0,    4,    1,    0,    0,    0,    0,
           0],
       [   8,    0,    0,   99,    1,    4,    1,    3,    0,    1,    1,
           4],
       [   3,    2,    0,    0,  276,    6,    1,    8,    2,   29,    6,
          15],
       [  82,   10,    1,    6,    3, 1231,    3,   52,    1,    7,   13,
           5],
       [   9,    2,    0,    5,    0,    4,   61,    0,    0,    0,    3,
           2],
       [  33,    4,    2,    4,    5,   52,    4,  725,    1,    9,   17,
           6],
       [   1,    0,    0,    0,    3,    1,    0,    0,   14,    3,    1,
           2],
       [   3,    2,    0,    0,   34,    1,    0,    9,    1,  103,    7,
           0],
       [  20,    3,    1,    0,    3,   12,    0,   16,    1,    0,  150,
           3],
       [   2,    1,    0,    1,   24,    8,    0,    6,    0,    3,    3,
         234]]), 'relative': array([[8.25964252e+01, 1.50517404e+00, 3.76293509e-01, 1.78739417e+00,
        3.76293509e-01, 7.14957667e+00, 4.70366886e-01, 3.10442145e+00,
        2.82220132e-01, 5.64440263e-01, 1.41110066e+00, 3.76293509e-01],
       [1.26315789e+01, 6.00000000e+01, 0.00000000e+00, 2.10526316e+00,
        1.05263158e+00, 1.05263158e+01, 0.00000000e+00, 4.21052632e+00,
        0.00000000e+00, 1.05263158e+00, 5.26315789e+00, 3.15789474e+00],
       [1.08108108e+01, 0.00000000e+00, 7.29729730e+01, 2.70270270e+00,
        0.00000000e+00, 1.08108108e+01, 2.70270270e+00, 0.00000000e+00,
        0.00000000e+00, 0.00000000e+00, 0.00000000e+00, 0.00000000e+00],
       [6.55737705e+00, 0.00000000e+00, 0.00000000e+00, 8.11475410e+01,
        8.19672131e-01, 3.27868852e+00, 8.19672131e-01, 2.45901639e+00,
        0.00000000e+00, 8.19672131e-01, 8.19672131e-01, 3.27868852e+00],
       [8.62068966e-01, 5.74712644e-01, 0.00000000e+00, 0.00000000e+00,
        7.93103448e+01, 1.72413793e+00, 2.87356322e-01, 2.29885057e+00,
        5.74712644e-01, 8.33333333e+00, 1.72413793e+00, 4.31034483e+00],
       [5.79915134e+00, 7.07213579e-01, 7.07213579e-02, 4.24328147e-01,
        2.12164074e-01, 8.70579915e+01, 2.12164074e-01, 3.67751061e+00,
        7.07213579e-02, 4.95049505e-01, 9.19377652e-01, 3.53606789e-01],
       [1.04651163e+01, 2.32558140e+00, 0.00000000e+00, 5.81395349e+00,
        0.00000000e+00, 4.65116279e+00, 7.09302326e+01, 0.00000000e+00,
        0.00000000e+00, 0.00000000e+00, 3.48837209e+00, 2.32558140e+00],
       [3.82830626e+00, 4.64037123e-01, 2.32018561e-01, 4.64037123e-01,
        5.80046404e-01, 6.03248260e+00, 4.64037123e-01, 8.41067285e+01,
        1.16009281e-01, 1.04408353e+00, 1.97215777e+00, 6.96055684e-01],
       [4.00000000e+00, 0.00000000e+00, 0.00000000e+00, 0.00000000e+00,
        1.20000000e+01, 4.00000000e+00, 0.00000000e+00, 0.00000000e+00,
        5.60000000e+01, 1.20000000e+01, 4.00000000e+00, 8.00000000e+00],
       [1.87500000e+00, 1.25000000e+00, 0.00000000e+00, 0.00000000e+00,
        2.12500000e+01, 6.25000000e-01, 0.00000000e+00, 5.62500000e+00,
        6.25000000e-01, 6.43750000e+01, 4.37500000e+00, 0.00000000e+00],
       [9.56937799e+00, 1.43540670e+00, 4.78468900e-01, 0.00000000e+00,
        1.43540670e+00, 5.74162679e+00, 0.00000000e+00, 7.65550239e+00,
        4.78468900e-01, 0.00000000e+00, 7.17703349e+01, 1.43540670e+00],
       [7.09219858e-01, 3.54609929e-01, 0.00000000e+00, 3.54609929e-01,
        8.51063830e+00, 2.83687943e+00, 0.00000000e+00, 2.12765957e+00,
        0.00000000e+00, 1.06382979e+00, 1.06382979e+00, 8.29787234e+01]])}, 'Naive Bayes': {'absolute': array([[ 52,  21,   8,   7, 509,  39, 281,  46,  39,   4,   2,  55],
       [  5,   4,   2,   0,  59,   3,  13,   2,   0,   0,   0,   7],
       [  2,   1,   0,   0,  19,   0,  12,   2,   0,   0,   0,   1],
       [  3,   6,   1,  32,  56,   1,   8,   0,   4,   0,   1,  10],
       [  1,   1,   1,   0, 322,   0,   8,   1,   2,   1,   0,  11],
       [ 29,  18,  16,   5, 535, 279, 376,   9,  41,   3,   6,  97],
       [  4,   1,   0,   1,  12,   0,  60,   3,   2,   0,   0,   3],
       [  9,   1,   4,   7, 552,   6, 162,   7,  44,   4,   2,  64],
       [  1,   0,   0,   0,  18,   0,   1,   0,   2,   0,   0,   3],
       [  2,   1,   1,   4, 122,   1,   2,   6,   1,  10,   0,  10],
       [  5,   4,   5,   3, 119,   0,  35,   7,   1,   2,  24,   4],
       [  1,   5,   0,   0, 204,   4,   4,   2,   3,   1,   0,  58]]), 'relative': array([[ 4.89181562,  1.97554092,  0.75258702,  0.65851364, 47.88334901,
         3.66886171, 26.434619  ,  4.32737535,  3.66886171,  0.37629351,
         0.18814675,  5.17403575],
       [ 5.26315789,  4.21052632,  2.10526316,  0.        , 62.10526316,
         3.15789474, 13.68421053,  2.10526316,  0.        ,  0.        ,
         0.        ,  7.36842105],
       [ 5.40540541,  2.7027027 ,  0.        ,  0.        , 51.35135135,
         0.        , 32.43243243,  5.40540541,  0.        ,  0.        ,
         0.        ,  2.7027027 ],
       [ 2.45901639,  4.91803279,  0.81967213, 26.2295082 , 45.90163934,
         0.81967213,  6.55737705,  0.        ,  3.27868852,  0.        ,
         0.81967213,  8.19672131],
       [ 0.28735632,  0.28735632,  0.28735632,  0.        , 92.52873563,
         0.        ,  2.29885057,  0.28735632,  0.57471264,  0.28735632,
         0.        ,  3.16091954],
       [ 2.05091938,  1.27298444,  1.13154173,  0.35360679, 37.83592645,
        19.73125884, 26.59123055,  0.63649222,  2.89957567,  0.21216407,
         0.42432815,  6.85997171],
       [ 4.65116279,  1.1627907 ,  0.        ,  1.1627907 , 13.95348837,
         0.        , 69.76744186,  3.48837209,  2.3255814 ,  0.        ,
         0.        ,  3.48837209],
       [ 1.04408353,  0.11600928,  0.46403712,  0.81206497, 64.03712297,
         0.69605568, 18.79350348,  0.81206497,  5.10440835,  0.46403712,
         0.23201856,  7.42459397],
       [ 4.        ,  0.        ,  0.        ,  0.        , 72.        ,
         0.        ,  4.        ,  0.        ,  8.        ,  0.        ,
         0.        , 12.        ],
       [ 1.25      ,  0.625     ,  0.625     ,  2.5       , 76.25      ,
         0.625     ,  1.25      ,  3.75      ,  0.625     ,  6.25      ,
         0.        ,  6.25      ],
       [ 2.3923445 ,  1.9138756 ,  2.3923445 ,  1.4354067 , 56.93779904,
         0.        , 16.74641148,  3.3492823 ,  0.4784689 ,  0.9569378 ,
        11.48325359,  1.9138756 ],
       [ 0.35460993,  1.77304965,  0.        ,  0.        , 72.34042553,
         1.41843972,  1.41843972,  0.70921986,  1.06382979,  0.35460993,
         0.        , 20.56737589]])}, 'Feed Forward Neural Network': {'absolute': array([[512,   0,   1, 160,  61,  25, 232,  47,   0,   0,  25,   0],
       [ 37,   0,   0,   8,   8,   3,  27,   5,   0,   0,   7,   0],
       [ 10,   0,   0,   7,  10,   0,   8,   2,   0,   0,   0,   0],
       [ 34,   0,   0,  37,   6,   3,  36,   2,   0,   0,   4,   0],
       [ 56,   0,   0,   3,  95,   0, 178,  13,   0,   0,   3,   0],
       [714,   0,   0, 104,  60, 156, 292,  52,   0,   0,  36,   0],
       [ 44,   0,   0,  15,   1,   0,  12,  11,   0,   0,   3,   0],
       [537,   0,   1,  34,  44,  12, 127,  82,   1,   1,  23,   0],
       [ 11,   0,   0,   0,   1,   0,  11,   2,   0,   0,   0,   0],
       [ 26,   0,   0,   8,  41,   2,  69,   4,   0,  10,   0,   0],
       [ 89,   0,   0,  23,   9,  10,  47,   8,   0,   0,  23,   0],
       [171,   0,   0,   7,   5,   4,  65,   8,   0,   0,  22,   0]]), 'relative': array([[48.16556914,  0.        ,  0.09407338, 15.05174036,  5.73847601,
         2.35183443, 21.82502352,  4.42144873,  0.        ,  0.        ,
         2.35183443,  0.        ],
       [38.94736842,  0.        ,  0.        ,  8.42105263,  8.42105263,
         3.15789474, 28.42105263,  5.26315789,  0.        ,  0.        ,
         7.36842105,  0.        ],
       [27.02702703,  0.        ,  0.        , 18.91891892, 27.02702703,
         0.        , 21.62162162,  5.40540541,  0.        ,  0.        ,
         0.        ,  0.        ],
       [27.86885246,  0.        ,  0.        , 30.32786885,  4.91803279,
         2.45901639, 29.50819672,  1.63934426,  0.        ,  0.        ,
         3.27868852,  0.        ],
       [16.09195402,  0.        ,  0.        ,  0.86206897, 27.29885057,
         0.        , 51.14942529,  3.73563218,  0.        ,  0.        ,
         0.86206897,  0.        ],
       [50.4950495 ,  0.        ,  0.        ,  7.35502122,  4.24328147,
        11.03253182, 20.65063649,  3.67751061,  0.        ,  0.        ,
         2.54596888,  0.        ],
       [51.1627907 ,  0.        ,  0.        , 17.44186047,  1.1627907 ,
         0.        , 13.95348837, 12.79069767,  0.        ,  0.        ,
         3.48837209,  0.        ],
       [62.29698376,  0.        ,  0.11600928,  3.94431555,  5.10440835,
         1.39211137, 14.73317865,  9.51276102,  0.11600928,  0.11600928,
         2.66821346,  0.        ],
       [44.        ,  0.        ,  0.        ,  0.        ,  4.        ,
         0.        , 44.        ,  8.        ,  0.        ,  0.        ,
         0.        ,  0.        ],
       [16.25      ,  0.        ,  0.        ,  5.        , 25.625     ,
         1.25      , 43.125     ,  2.5       ,  0.        ,  6.25      ,
         0.        ,  0.        ],
       [42.58373206,  0.        ,  0.        , 11.00478469,  4.3062201 ,
         4.784689  , 22.48803828,  3.8277512 ,  0.        ,  0.        ,
        11.00478469,  0.        ],
       [60.63829787,  0.        ,  0.        ,  2.4822695 ,  1.77304965,
         1.41843972, 23.04964539,  2.83687943,  0.        ,  0.        ,
         7.80141844,  0.        ]])}, 'Majority Class (baseline)': {'absolute': array([[   0,    0,    0,    0,    0, 1063,    0,    0,    0,    0,    0,
           0],
       [   0,    0,    0,    0,    0,   95,    0,    0,    0,    0,    0,
           0],
       [   0,    0,    0,    0,    0,   37,    0,    0,    0,    0,    0,
           0],
       [   0,    0,    0,    0,    0,  122,    0,    0,    0,    0,    0,
           0],
       [   0,    0,    0,    0,    0,  348,    0,    0,    0,    0,    0,
           0],
       [   0,    0,    0,    0,    0, 1414,    0,    0,    0,    0,    0,
           0],
       [   0,    0,    0,    0,    0,   86,    0,    0,    0,    0,    0,
           0],
       [   0,    0,    0,    0,    0,  862,    0,    0,    0,    0,    0,
           0],
       [   0,    0,    0,    0,    0,   25,    0,    0,    0,    0,    0,
           0],
       [   0,    0,    0,    0,    0,  160,    0,    0,    0,    0,    0,
           0],
       [   0,    0,    0,    0,    0,  209,    0,    0,    0,    0,    0,
           0],
       [   0,    0,    0,    0,    0,  282,    0,    0,    0,    0,    0,
           0]]), 'relative': array([[  0.,   0.,   0.,   0.,   0., 100.,   0.,   0.,   0.,   0.,   0.,
          0.],
       [  0.,   0.,   0.,   0.,   0., 100.,   0.,   0.,   0.,   0.,   0.,
          0.],
       [  0.,   0.,   0.,   0.,   0., 100.,   0.,   0.,   0.,   0.,   0.,
          0.],
       [  0.,   0.,   0.,   0.,   0., 100.,   0.,   0.,   0.,   0.,   0.,
          0.],
       [  0.,   0.,   0.,   0.,   0., 100.,   0.,   0.,   0.,   0.,   0.,
          0.],
       [  0.,   0.,   0.,   0.,   0., 100.,   0.,   0.,   0.,   0.,   0.,
          0.],
       [  0.,   0.,   0.,   0.,   0., 100.,   0.,   0.,   0.,   0.,   0.,
          0.],
       [  0.,   0.,   0.,   0.,   0., 100.,   0.,   0.,   0.,   0.,   0.,
          0.],
       [  0.,   0.,   0.,   0.,   0., 100.,   0.,   0.,   0.,   0.,   0.,
          0.],
       [  0.,   0.,   0.,   0.,   0., 100.,   0.,   0.,   0.,   0.,   0.,
          0.],
       [  0.,   0.,   0.,   0.,   0., 100.,   0.,   0.,   0.,   0.,   0.,
          0.],
       [  0.,   0.,   0.,   0.,   0., 100.,   0.,   0.,   0.,   0.,   0.,
          0.]])}}, {'tree_based':                                                Feature  Importance
116  API_DeviceData_android.content.ContentResolver...    0.069991
83   API_DeviceInfo_android.net.wifi.WifiInfo_getMa...    0.068873
117  API_DeviceData_android.content.ContentResolver...    0.040054
96             API_Network_java.net.URL_openConnection    0.038996
3                                  Memory_PrivateDirty    0.035401
..                                                 ...         ...
92   API_DeviceInfo_android.content.pm.PackageManag...    0.000000
93   API_DeviceInfo_android.content.pm.PackageManag...    0.000000
94   API_DeviceInfo_android.content.pm.PackageManag...    0.000000
95   API_DeviceInfo_android.content.pm.PackageManag...    0.000000
86   API_DeviceInfo_android.net.wifi.WifiInfo_getNe...    0.000000

[142 rows x 2 columns]}), 'in_tuning_runner': None, 'post_tuning_runner': None}
