2025-05-10 10:51:00,439 - my_logger - INFO - Pipeline runner started at 2025-05-10 10:51:00
2025-05-10 10:51:00,945 - my_logger - INFO - Phase 'dataset' completed in 0.08489274978637695 seconds at 2025-05-10 10:51:00
2025-05-10 10:51:00,949 - my_logger - INFO - 'dataset' returned: (   train_size (%)  train_size_count  validation_size (%)  validation_size_count  test_size (%)  test_size_coount  currentSE  differenceToPriorSE  differenceToPriorSE (%)
0            0.95           44680.0                0.025                 1176.0          0.025            1176.0   0.011664             0.011664                      inf
1            0.90           42329.0                0.050                 2352.0          0.050            2352.0   0.008248            -0.003416                -0.292893
2            0.85           39977.0                0.075                 3527.0          0.075            3527.0   0.006735            -0.001513                -0.183388
3            0.80           37626.0                0.100                 4703.0          0.100            4703.0   0.005833            -0.000903                -0.134005
4            0.75           35274.0                0.125                 5879.0          0.125            5879.0   0.005217            -0.000616                -0.105592
5            0.70           32922.0                0.150                 7055.0          0.150            7055.0   0.004762            -0.000455                -0.087142
6            0.65           30571.0                0.175                 8231.0          0.175            8231.0   0.004409            -0.000353                -0.074189
7            0.60           28219.0                0.200                 9406.0          0.200            9406.0   0.004124            -0.000285                -0.064543
8            0.55           25868.0                0.225                10582.0          0.225           10582.0   0.003888            -0.000236                -0.057202
9            0.50           23516.0                0.250                11758.0          0.250           11758.0   0.003689            -0.000200                -0.051326, {'Memory_PssTotal': {6520: 43041, 2425: 125178, 44969: 43428, 50354: 34651, 21242: 80981}, 'Memory_PssClean': {6520: 6544, 2425: 31456, 44969: 2288, 50354: 804, 21242: 32356}, 'Memory_SharedDirty': {6520: 12304, 2425: 12704, 44969: 10748, 50354: 11008, 21242: 10760}, 'Memory_PrivateDirty': {6520: 28616, 2425: 84372, 44969: 32624, 50354: 29224, 21242: 37032}, 'Memory_SharedClean': {6520: 93928, 2425: 85144, 44969: 84988, 50354: 73772, 21242: 92240}, 'Memory_PrivateClean': {6520: 6556, 2425: 32908, 44969: 4792, 50354: 812, 21242: 33756}, 'Memory_SwapPssDirty': {6520: 0, 2425: 0, 44969: 0, 50354: 0, 21242: 0}, 'Memory_HeapSize': {6520: 14237, 2425: 36882, 44969: 19668, 50354: 8070, 21242: 10749}, 'Memory_HeapAlloc': {6520: 12368, 2425: 29212, 44969: 16381, 50354: 6645, 21242: 9088}, 'Memory_HeapFree': {6520: 1868, 2425: 7669, 44969: 3286, 50354: 1424, 21242: 1660}, 'Memory_Views': {6520: 7, 2425: 62, 44969: 44, 50354: 0, 21242: 12}, 'Memory_ViewRootImpl': {6520: 1, 2425: 1, 44969: 3, 50354: 0, 21242: 0}, 'Memory_AppContexts': {6520: 5, 2425: 4, 44969: 5, 50354: 4, 21242: 4}, 'Memory_Activities': {6520: 1, 2425: 1, 44969: 2, 50354: 0, 21242: 1}, 'Memory_Assets': {6520: 2, 2425: 4, 44969: 2, 50354: 2, 21242: 4}, 'Memory_AssetManagers': {6520: 0, 2425: 0, 44969: 0, 50354: 0, 21242: 0}, 'Memory_LocalBinders': {6520: 16, 2425: 37, 44969: 11, 50354: 4, 21242: 14}, 'Memory_ProxyBinders': {6520: 29, 2425: 36, 44969: 29, 50354: 24, 21242: 29}, 'Memory_ParcelMemory': {6520: 8, 2425: 9, 44969: 6, 50354: 4, 21242: 11}, 'Memory_ParcelCount': {6520: 19, 2425: 36, 44969: 24, 50354: 16, 21242: 31}, 'Memory_DeathRecipients': {6520: 0, 2425: 3, 44969: 0, 50354: 0, 21242: 0}, 'Memory_OpenSSLSockets': {6520: 0, 2425: 0, 44969: 0, 50354: 0, 21242: 0}, 'Memory_WebViews': {6520: 0, 2425: 3, 44969: 0, 50354: 0, 21242: 1}, 'API_Process_android.os.Process_start': {6520: 0, 2425: 0, 44969: 0, 50354: 0, 21242: 0}, 'API_Process_android.app.ActivityManager_killBackgroundProcesses': {6520: 0, 2425: 0, 44969: 0, 50354: 0, 21242: 0}, 'API_Process_android.os.Process_killProcess': {6520: 0, 2425: 0, 44969: 0, 50354: 0, 21242: 0}, 'API_Command_java.lang.Runtime_exec': {6520: 0, 2425: 0, 44969: 0, 50354: 0, 21242: 144}, 'API_Command_java.lang.ProcessBuilder_start': {6520: 0, 2425: 0, 44969: 0, 50354: 0, 21242: 48}, 'API_JavaNativeInterface_java.lang.Runtime_loadLibrary': {6520: 0, 2425: 0, 44969: 0, 50354: 0, 21242: 0}, 'API_JavaNativeInterface_java.lang.Runtime_load': {6520: 0, 2425: 0, 44969: 0, 50354: 0, 21242: 0}, 'API_WebView_android.webkit.WebView_loadUrl': {6520: 0, 2425: 15, 44969: 0, 50354: 0, 21242: 0}, 'API_WebView_android.webkit.WebView_loadData': {6520: 0, 2425: 0, 44969: 0, 50354: 0, 21242: 0}, 'API_WebView_android.webkit.WebView_loadDataWithBaseURL': {6520: 0, 2425: 0, 44969: 0, 50354: 0, 21242: 0}, 'API_WebView_android.webkit.WebView_addJavascriptInterface': {6520: 0, 2425: 5, 44969: 0, 50354: 0, 21242: 0}, 'API_WebView_android.webkit.WebView_evaluateJavascript': {6520: 0, 2425: 0, 44969: 0, 50354: 0, 21242: 0}, 'API_WebView_android.webkit.WebView_postUrl': {6520: 0, 2425: 0, 44969: 0, 50354: 0, 21242: 0}, 'API_WebView_android.webkit.WebView_postWebMessage': {6520: 0, 2425: 0, 44969: 0, 50354: 0, 21242: 0}, 'API_WebView_android.webkit.WebView_savePassword': {6520: 0, 2425: 0, 44969: 0, 50354: 0, 21242: 0}, 'API_WebView_android.webkit.WebView_setHttpAuthUsernamePassword': {6520: 0, 2425: 0, 44969: 0, 50354: 0, 21242: 0}, 'API_WebView_android.webkit.WebView_getHttpAuthUsernamePassword': {6520: 0, 2425: 0, 44969: 0, 50354: 0, 21242: 0}, 'API_WebView_android.webkit.WebView_setWebContentsDebuggingEnabled': {6520: 0, 2425: 0, 44969: 0, 50354: 0, 21242: 0}, 'API_FileIO_libcore.io.IoBridge_open': {6520: 0, 2425: 3, 44969: 0, 50354: 0, 21242: 17}, 'API_FileIO_android.content.ContextWrapper_openFileInput': {6520: 0, 2425: 2, 44969: 0, 50354: 0, 21242: 12}, 'API_FileIO_android.content.ContextWrapper_openFileOutput': {6520: 1, 2425: 2, 44969: 0, 50354: 0, 21242: 0}, 'API_FileIO_android.content.ContextWrapper_deleteFile': {6520: 0, 2425: 0, 44969: 0, 50354: 0, 21242: 4}, 'API_Database_android.content.ContextWrapper_openOrCreateDatabase': {6520: 0, 2425: 0, 44969: 0, 50354: 0, 21242: 0}, 'API_Database_android.content.ContextWrapper_databaseList': {6520: 1, 2425: 0, 44969: 0, 50354: 0, 21242: 0}, 'API_Database_android.content.ContextWrapper_deleteDatabase': {6520: 0, 2425: 0, 44969: 0, 50354: 0, 21242: 0}, 'API_Database_android.database.sqlite.SQLiteDatabase_execSQL': {6520: 0, 2425: 0, 44969: 0, 50354: 0, 21242: 10}, 'API_Database_android.database.sqlite.SQLiteDatabase_deleteDatabase': {6520: 0, 2425: 0, 44969: 0, 50354: 0, 21242: 0}, 'API_Database_android.database.sqlite.SQLiteDatabase_getPath': {6520: 0, 2425: 0, 44969: 0, 50354: 0, 21242: 186}, 'API_Database_android.database.sqlite.SQLiteDatabase_insert': {6520: 0, 2425: 0, 44969: 0, 50354: 0, 21242: 0}, 'API_Database_android.database.sqlite.SQLiteDatabase_insertOrThrow': {6520: 0, 2425: 0, 44969: 0, 50354: 0, 21242: 0}, 'API_Database_android.database.sqlite.SQLiteDatabase_insertWithOnConflict': {6520: 0, 2425: 0, 44969: 0, 50354: 0, 21242: 0}, 'API_Database_android.database.sqlite.SQLiteDatabase_openDatabase': {6520: 0, 2425: 0, 44969: 0, 50354: 0, 21242: 60}, 'API_Database_android.database.sqlite.SQLiteDatabase_openOrCreateDatabase': {6520: 0, 2425: 0, 44969: 0, 50354: 0, 21242: 0}, 'API_Database_android.database.sqlite.SQLiteDatabase_query': {6520: 0, 2425: 0, 44969: 0, 50354: 0, 21242: 0}, 'API_Database_android.database.sqlite.SQLiteDatabase_queryWithFactory': {6520: 0, 2425: 0, 44969: 0, 50354: 0, 21242: 0}, 'API_Database_android.database.sqlite.SQLiteDatabase_rawQuery': {6520: 0, 2425: 0, 44969: 0, 50354: 0, 21242: 126}, 'API_Database_android.database.sqlite.SQLiteDatabase_rawQueryWithFactory': {6520: 0, 2425: 0, 44969: 0, 50354: 0, 21242: 126}, 'API_Database_android.database.sqlite.SQLiteDatabase_update': {6520: 0, 2425: 0, 44969: 0, 50354: 0, 21242: 0}, 'API_Database_android.database.sqlite.SQLiteDatabase_updateWithOnConflict': {6520: 0, 2425: 0, 44969: 0, 50354: 0, 21242: 0}, 'API_Database_android.database.sqlite.SQLiteDatabase_compileStatement': {6520: 0, 2425: 0, 44969: 0, 50354: 0, 21242: 60}, 'API_Database_android.database.sqlite.SQLiteDatabase_create': {6520: 0, 2425: 0, 44969: 0, 50354: 0, 21242: 0}, 'API_IPC_android.content.ContextWrapper_sendBroadcast': {6520: 0, 2425: 0, 44969: 0, 50354: 0, 21242: 19}, 'API_IPC_android.content.ContextWrapper_sendStickyBroadcast': {6520: 0, 2425: 0, 44969: 0, 50354: 0, 21242: 0}, 'API_IPC_android.content.ContextWrapper_startActivity': {6520: 0, 2425: 0, 44969: 0, 50354: 0, 21242: 0}, 'API_IPC_android.content.ContextWrapper_startService': {6520: 14, 2425: 0, 44969: 0, 50354: 1, 21242: 4}, 'API_IPC_android.content.ContextWrapper_stopService': {6520: 0, 2425: 0, 44969: 0, 50354: 0, 21242: 0}, 'API_IPC_android.content.ContextWrapper_registerReceiver': {6520: 17, 2425: 29, 44969: 0, 50354: 1, 21242: 195}, 'API_Binder_android.app.ContextImpl_registerReceiver': {6520: 34, 2425: 31, 44969: 0, 50354: 2, 21242: 195}, 'API_Binder_android.app.ActivityThread_handleReceiver': {6520: 0, 2425: 0, 44969: 0, 50354: 0, 21242: 18}, 'API_Binder_android.app.Activity_startActivity': {6520: 0, 2425: 0, 44969: 0, 50354: 0, 21242: 0}, 'API_Crypto_javax.crypto.spec.SecretKeySpec_$init': {6520: 0, 2425: 0, 44969: 0, 50354: 0, 21242: 487}, 'API_Crypto_javax.crypto.Cipher_doFinal': {6520: 0, 2425: 0, 44969: 0, 50354: 0, 21242: 504}, 'API_Crypto-Hash_java.security.MessageDigest_digest': {6520: 4, 2425: 257, 44969: 2, 50354: 2, 21242: 293}, 'API_Crypto-Hash_java.security.MessageDigest_update': {6520: 3, 2425: 155, 44969: 2, 50354: 2, 21242: 193}, 'API_DeviceInfo_android.telephony.TelephonyManager_getDeviceId': {6520: 0, 2425: 0, 44969: 4, 50354: 0, 21242: 174}, 'API_DeviceInfo_android.telephony.TelephonyManager_getSubscriberId': {6520: 0, 2425: 0, 44969: 0, 50354: 0, 21242: 164}, 'API_DeviceInfo_android.telephony.TelephonyManager_getLine1Number': {6520: 0, 2425: 0, 44969: 0, 50354: 0, 21242: 38}, 'API_DeviceInfo_android.telephony.TelephonyManager_getNetworkOperator': {6520: 0, 2425: 0, 44969: 0, 50354: 0, 21242: 0}, 'API_DeviceInfo_android.telephony.TelephonyManager_getNetworkOperatorName': {6520: 0, 2425: 0, 44969: 0, 50354: 0, 21242: 64}, 'API_DeviceInfo_android.telephony.TelephonyManager_getSimOperatorName': {6520: 0, 2425: 0, 44969: 0, 50354: 0, 21242: 0}, 'API_DeviceInfo_android.net.wifi.WifiInfo_getMacAddress': {6520: 0, 2425: 0, 44969: 0, 50354: 0, 21242: 21}, 'API_DeviceInfo_android.net.wifi.WifiInfo_getBSSID': {6520: 0, 2425: 0, 44969: 0, 50354: 0, 21242: 0}, 'API_DeviceInfo_android.net.wifi.WifiInfo_getIpAddress': {6520: 0, 2425: 0, 44969: 0, 50354: 0, 21242: 0}, 'API_DeviceInfo_android.net.wifi.WifiInfo_getNetworkId': {6520: 0, 2425: 0, 44969: 0, 50354: 0, 21242: 0}, 'API_DeviceInfo_android.telephony.TelephonyManager_getSimCountryIso': {6520: 0, 2425: 0, 44969: 0, 50354: 0, 21242: 0}, 'API_DeviceInfo_android.telephony.TelephonyManager_getSimSerialNumber': {6520: 0, 2425: 0, 44969: 0, 50354: 0, 21242: 0}, 'API_DeviceInfo_android.telephony.TelephonyManager_getNetworkCountryIso': {6520: 0, 2425: 3, 44969: 0, 50354: 0, 21242: 17}, 'API_DeviceInfo_android.telephony.TelephonyManager_getDeviceSoftwareVersion': {6520: 0, 2425: 0, 44969: 0, 50354: 0, 21242: 0}, 'API_DeviceInfo_android.os.Debug_isDebuggerConnected': {6520: 0, 2425: 0, 44969: 0, 50354: 0, 21242: 0}, 'API_DeviceInfo_android.content.pm.PackageManager_getInstallerPackageName': {6520: 0, 2425: 0, 44969: 0, 50354: 0, 21242: 0}, 'API_DeviceInfo_android.content.pm.PackageManager_getInstalledApplications': {6520: 0, 2425: 0, 44969: 0, 50354: 0, 21242: 0}, 'API_DeviceInfo_android.content.pm.PackageManager_getInstalledModules': {6520: 0, 2425: 0, 44969: 0, 50354: 0, 21242: 0}, 'API_DeviceInfo_android.content.pm.PackageManager_getInstalledPackages': {6520: 0, 2425: 0, 44969: 0, 50354: 0, 21242: 0}, 'API_Network_java.net.URL_openConnection': {6520: 34, 2425: 18, 44969: 0, 50354: 2, 21242: 59}, 'API_Network_org.apache.http.impl.client.AbstractHttpClient_execute': {6520: 0, 2425: 0, 44969: 0, 50354: 0, 21242: 0}, 'API_Network_com.android.okhttp.internal.huc.HttpURLConnectionImpl_getInputStream': {6520: 18, 2425: 2, 44969: 0, 50354: 0, 21242: 18}, 'API_Network_com.android.okhttp.internal.http.HttpURLConnectionImpl_getInputStream': {6520: 0, 2425: 0, 44969: 0, 50354: 0, 21242: 0}, 'API_DexClassLoader_dalvik.system.BaseDexClassLoader_findResource': {6520: 1, 2425: 0, 44969: 7, 50354: 0, 21242: 0}, 'API_DexClassLoader_dalvik.system.BaseDexClassLoader_findResources': {6520: 0, 2425: 0, 44969: 0, 50354: 0, 21242: 0}, 'API_DexClassLoader_dalvik.system.BaseDexClassLoader_findLibrary': {6520: 0, 2425: 2, 44969: 0, 50354: 0, 21242: 54}, 'API_DexClassLoader_dalvik.system.DexFile_loadDex': {6520: 0, 2425: 0, 44969: 0, 50354: 0, 21242: 0}, 'API_DexClassLoader_dalvik.system.DexFile_loadClass': {6520: 0, 2425: 0, 44969: 0, 50354: 0, 21242: 0}, 'API_DexClassLoader_dalvik.system.DexClassLoader_$init': {6520: 0, 2425: 0, 44969: 0, 50354: 0, 21242: 0}, 'API_Base64_android.util.Base64_decode': {6520: 0, 2425: 2, 44969: 0, 50354: 0, 21242: 36}, 'API_Base64_android.util.Base64_encode': {6520: 0, 2425: 0, 44969: 0, 50354: 0, 21242: 65}, 'API_Base64_android.util.Base64_encodeToString': {6520: 0, 2425: 0, 44969: 0, 50354: 0, 21242: 65}, 'API_SystemManager_android.app.ApplicationPackageManager_setComponentEnabledSetting': {6520: 0, 2425: 0, 44969: 0, 50354: 0, 21242: 0}, 'API_SystemManager_android.app.NotificationManager_notify': {6520: 0, 2425: 0, 44969: 0, 50354: 0, 21242: 0}, 'API_SystemManager_android.telephony.TelephonyManager_listen': {6520: 0, 2425: 0, 44969: 0, 50354: 0, 21242: 0}, 'API_SystemManager_android.content.BroadcastReceiver_abortBroadcast': {6520: 0, 2425: 0, 44969: 0, 50354: 0, 21242: 0}, 'API_SMS_android.telephony.SmsManager_sendTextMessage': {6520: 0, 2425: 0, 44969: 0, 50354: 0, 21242: 0}, 'API_SMS_android.telephony.SmsManager_sendMultipartTextMessage': {6520: 0, 2425: 0, 44969: 0, 50354: 0, 21242: 0}, 'API_DeviceData_android.content.ContentResolver_query': {6520: 0, 2425: 0, 44969: 0, 50354: 0, 21242: 0}, 'API_DeviceData_android.content.ContentResolver_registerContentObserver': {6520: 0, 2425: 20, 44969: 0, 50354: 0, 21242: 0}, 'API_DeviceData_android.content.ContentResolver_insert': {6520: 0, 2425: 0, 44969: 0, 50354: 0, 21242: 0}, 'API_DeviceData_android.content.ContentResolver_delete': {6520: 0, 2425: 0, 44969: 0, 50354: 0, 21242: 0}, 'API_DeviceData_android.accounts.AccountManager_getAccountsByType': {6520: 0, 2425: 0, 44969: 0, 50354: 0, 21242: 0}, 'API_DeviceData_android.accounts.AccountManager_getAccounts': {6520: 0, 2425: 0, 44969: 0, 50354: 0, 21242: 0}, 'API_DeviceData_android.location.Location_getLatitude': {6520: 0, 2425: 0, 44969: 0, 50354: 0, 21242: 0}, 'API_DeviceData_android.location.Location_getLongitude': {6520: 0, 2425: 0, 44969: 0, 50354: 0, 21242: 0}, 'API_DeviceData_android.media.AudioRecord_startRecording': {6520: 0, 2425: 0, 44969: 0, 50354: 0, 21242: 0}, 'API_DeviceData_android.media.MediaRecorder_start': {6520: 0, 2425: 0, 44969: 0, 50354: 0, 21242: 0}, 'API_DeviceData_android.os.SystemProperties_get': {6520: 19, 2425: 4, 44969: 2, 50354: 32, 21242: 115}, 'API_DeviceData_android.app.ApplicationPackageManager_getInstalledPackages': {6520: 0, 2425: 0, 44969: 0, 50354: 0, 21242: 19}, 'API__sessions': {6520: 17, 2425: 1, 44969: 1, 50354: 1, 21242: 17}, 'Network_TotalReceivedBytes': {6520: 19760, 2425: 395700, 44969: 0, 50354: 0, 21242: 0}, 'Network_TotalReceivedPackets': {6520: 85, 2425: 500, 44969: 0, 50354: 0, 21242: 0}, 'Network_TotalTransmittedBytes': {6520: 8654, 2425: 61816, 44969: 720, 50354: 0, 21242: 0}, 'Network_TotalTransmittedPackets': {6520: 103, 2425: 512, 44969: 12, 50354: 0, 21242: 0}, 'Battery_wakelock': {6520: 3, 2425: 3, 44969: 3, 50354: 4, 21242: 4}, 'Battery_service': {6520: 2, 2425: 0, 44969: 0, 50354: 1, 21242: 1}, 'Logcat_info': {6520: 3024, 2425: 1724, 44969: 1376, 50354: 1468, 21242: 1271}, 'Logcat_error': {6520: 4730, 2425: 2295, 44969: 649, 50354: 466, 21242: 4007}, 'Logcat_warning': {6520: 1510, 2425: 752, 44969: 1478, 50354: 4828, 21242: 3247}, 'Logcat_debug': {6520: 1127, 2425: 11157, 44969: 2121, 50354: 1355, 21242: 1885}, 'Logcat_verbose': {6520: 4815, 2425: 1514, 44969: 1709, 50354: 1511, 21242: 4913}, 'Logcat_total': {6520: 15206, 2425: 17442, 44969: 7333, 50354: 9628, 21242: 15323}, 'Process_total': {6520: 186, 2425: 190, 44969: 187, 50354: 188, 21242: 183}, 'Reboot': {6520: 'before', 2425: 'before', 44969: 'before', 50354: 'before', 21242: 'before'}})
2025-05-10 10:51:02,509 - my_logger - INFO - Phase 'data_preprocessing' completed in 6.198883056640625e-06 seconds at 2025-05-10 10:51:02
2025-05-10 10:51:02,566 - my_logger - INFO - Phase 'feature_analysis' completed in 0.05723905563354492 seconds at 2025-05-10 10:51:02
2025-05-10 10:51:02,566 - my_logger - INFO - 'feature_analysis' returned: {'feature_transformation_results': {'not_baseline': {'ensembled': {'Adware': 0, 'Backdoor': 1, 'FileInfector': 2, 'PUA': 3, 'Ransomware': 4, 'Riskware': 5, 'Scareware': 6, 'Trojan': 7, 'Trojan_Banker': 8, 'Trojan_Dropper': 9, 'Trojan_SMS': 10, 'Trojan_Spy': 11}}, 'baseline': {}}, 'manual_feature_selection_results': None, 'automatic_feature_selection_results': None}
2025-05-10 10:53:05,573 - my_logger - INFO - Phase 'modelling' completed in 120.86114716529846 seconds at 2025-05-10 10:53:05
2025-05-10 10:53:05,579 - my_logger - INFO - 'modelling' returned: {'pre_tuning_runner': ({'id': {0: '76e04c2e30f906ff70c8010e72d03da449f6a8dd4f9fc00d418d3e967578da77'}, 'timeStamp': {0: '2025-05-10 10:51:30'}, 'comments': {0: 'STACKING GOING ON'}, 'modelName': {0: 'Majority Class (baseline)'}, 'currentPhase': {0: 'pre'}, 'features_used': {0: ['Memory_PssTotal', 'Memory_PssClean', 'Memory_SharedDirty', 'Memory_PrivateDirty', 'Memory_SharedClean', 'Memory_PrivateClean', 'Memory_SwapPssDirty', 'Memory_HeapSize', 'Memory_HeapAlloc', 'Memory_HeapFree', 'Memory_Views', 'Memory_ViewRootImpl', 'Memory_AppContexts', 'Memory_Activities', 'Memory_Assets', 'Memory_AssetManagers', 'Memory_LocalBinders', 'Memory_ProxyBinders', 'Memory_ParcelMemory', 'Memory_ParcelCount', 'Memory_DeathRecipients', 'Memory_OpenSSLSockets', 'Memory_WebViews', 'API_Process_android.os.Process_start', 'API_Process_android.app.ActivityManager_killBackgroundProcesses', 'API_Process_android.os.Process_killProcess', 'API_Command_java.lang.Runtime_exec', 'API_Command_java.lang.ProcessBuilder_start', 'API_JavaNativeInterface_java.lang.Runtime_loadLibrary', 'API_JavaNativeInterface_java.lang.Runtime_load', 'API_WebView_android.webkit.WebView_loadUrl', 'API_WebView_android.webkit.WebView_loadData', 'API_WebView_android.webkit.WebView_loadDataWithBaseURL', 'API_WebView_android.webkit.WebView_addJavascriptInterface', 'API_WebView_android.webkit.WebView_evaluateJavascript', 'API_WebView_android.webkit.WebView_postUrl', 'API_WebView_android.webkit.WebView_postWebMessage', 'API_WebView_android.webkit.WebView_savePassword', 'API_WebView_android.webkit.WebView_setHttpAuthUsernamePassword', 'API_WebView_android.webkit.WebView_getHttpAuthUsernamePassword', 'API_WebView_android.webkit.WebView_setWebContentsDebuggingEnabled', 'API_FileIO_libcore.io.IoBridge_open', 'API_FileIO_android.content.ContextWrapper_openFileInput', 'API_FileIO_android.content.ContextWrapper_openFileOutput', 'API_FileIO_android.content.ContextWrapper_deleteFile', 'API_Database_android.content.ContextWrapper_openOrCreateDatabase', 'API_Database_android.content.ContextWrapper_databaseList', 'API_Database_android.content.ContextWrapper_deleteDatabase', 'API_Database_android.database.sqlite.SQLiteDatabase_execSQL', 'API_Database_android.database.sqlite.SQLiteDatabase_deleteDatabase', 'API_Database_android.database.sqlite.SQLiteDatabase_getPath', 'API_Database_android.database.sqlite.SQLiteDatabase_insert', 'API_Database_android.database.sqlite.SQLiteDatabase_insertOrThrow', 'API_Database_android.database.sqlite.SQLiteDatabase_insertWithOnConflict', 'API_Database_android.database.sqlite.SQLiteDatabase_openDatabase', 'API_Database_android.database.sqlite.SQLiteDatabase_openOrCreateDatabase', 'API_Database_android.database.sqlite.SQLiteDatabase_query', 'API_Database_android.database.sqlite.SQLiteDatabase_queryWithFactory', 'API_Database_android.database.sqlite.SQLiteDatabase_rawQuery', 'API_Database_android.database.sqlite.SQLiteDatabase_rawQueryWithFactory', 'API_Database_android.database.sqlite.SQLiteDatabase_update', 'API_Database_android.database.sqlite.SQLiteDatabase_updateWithOnConflict', 'API_Database_android.database.sqlite.SQLiteDatabase_compileStatement', 'API_Database_android.database.sqlite.SQLiteDatabase_create', 'API_IPC_android.content.ContextWrapper_sendBroadcast', 'API_IPC_android.content.ContextWrapper_sendStickyBroadcast', 'API_IPC_android.content.ContextWrapper_startActivity', 'API_IPC_android.content.ContextWrapper_startService', 'API_IPC_android.content.ContextWrapper_stopService', 'API_IPC_android.content.ContextWrapper_registerReceiver', 'API_Binder_android.app.ContextImpl_registerReceiver', 'API_Binder_android.app.ActivityThread_handleReceiver', 'API_Binder_android.app.Activity_startActivity', 'API_Crypto_javax.crypto.spec.SecretKeySpec_$init', 'API_Crypto_javax.crypto.Cipher_doFinal', 'API_Crypto-Hash_java.security.MessageDigest_digest', 'API_Crypto-Hash_java.security.MessageDigest_update', 'API_DeviceInfo_android.telephony.TelephonyManager_getDeviceId', 'API_DeviceInfo_android.telephony.TelephonyManager_getSubscriberId', 'API_DeviceInfo_android.telephony.TelephonyManager_getLine1Number', 'API_DeviceInfo_android.telephony.TelephonyManager_getNetworkOperator', 'API_DeviceInfo_android.telephony.TelephonyManager_getNetworkOperatorName', 'API_DeviceInfo_android.telephony.TelephonyManager_getSimOperatorName', 'API_DeviceInfo_android.net.wifi.WifiInfo_getMacAddress', 'API_DeviceInfo_android.net.wifi.WifiInfo_getBSSID', 'API_DeviceInfo_android.net.wifi.WifiInfo_getIpAddress', 'API_DeviceInfo_android.net.wifi.WifiInfo_getNetworkId', 'API_DeviceInfo_android.telephony.TelephonyManager_getSimCountryIso', 'API_DeviceInfo_android.telephony.TelephonyManager_getSimSerialNumber', 'API_DeviceInfo_android.telephony.TelephonyManager_getNetworkCountryIso', 'API_DeviceInfo_android.telephony.TelephonyManager_getDeviceSoftwareVersion', 'API_DeviceInfo_android.os.Debug_isDebuggerConnected', 'API_DeviceInfo_android.content.pm.PackageManager_getInstallerPackageName', 'API_DeviceInfo_android.content.pm.PackageManager_getInstalledApplications', 'API_DeviceInfo_android.content.pm.PackageManager_getInstalledModules', 'API_DeviceInfo_android.content.pm.PackageManager_getInstalledPackages', 'API_Network_java.net.URL_openConnection', 'API_Network_org.apache.http.impl.client.AbstractHttpClient_execute', 'API_Network_com.android.okhttp.internal.huc.HttpURLConnectionImpl_getInputStream', 'API_Network_com.android.okhttp.internal.http.HttpURLConnectionImpl_getInputStream', 'API_DexClassLoader_dalvik.system.BaseDexClassLoader_findResource', 'API_DexClassLoader_dalvik.system.BaseDexClassLoader_findResources', 'API_DexClassLoader_dalvik.system.BaseDexClassLoader_findLibrary', 'API_DexClassLoader_dalvik.system.DexFile_loadDex', 'API_DexClassLoader_dalvik.system.DexFile_loadClass', 'API_DexClassLoader_dalvik.system.DexClassLoader_$init', 'API_Base64_android.util.Base64_decode', 'API_Base64_android.util.Base64_encode', 'API_Base64_android.util.Base64_encodeToString', 'API_SystemManager_android.app.ApplicationPackageManager_setComponentEnabledSetting', 'API_SystemManager_android.app.NotificationManager_notify', 'API_SystemManager_android.telephony.TelephonyManager_listen', 'API_SystemManager_android.content.BroadcastReceiver_abortBroadcast', 'API_SMS_android.telephony.SmsManager_sendTextMessage', 'API_SMS_android.telephony.SmsManager_sendMultipartTextMessage', 'API_DeviceData_android.content.ContentResolver_query', 'API_DeviceData_android.content.ContentResolver_registerContentObserver', 'API_DeviceData_android.content.ContentResolver_insert', 'API_DeviceData_android.content.ContentResolver_delete', 'API_DeviceData_android.accounts.AccountManager_getAccountsByType', 'API_DeviceData_android.accounts.AccountManager_getAccounts', 'API_DeviceData_android.location.Location_getLatitude', 'API_DeviceData_android.location.Location_getLongitude', 'API_DeviceData_android.media.AudioRecord_startRecording', 'API_DeviceData_android.media.MediaRecorder_start', 'API_DeviceData_android.os.SystemProperties_get', 'API_DeviceData_android.app.ApplicationPackageManager_getInstalledPackages', 'API__sessions', 'Network_TotalReceivedBytes', 'Network_TotalReceivedPackets', 'Network_TotalTransmittedBytes', 'Network_TotalTransmittedPackets', 'Battery_wakelock', 'Battery_service', 'Logcat_info', 'Logcat_error', 'Logcat_warning', 'Logcat_debug', 'Logcat_verbose', 'Logcat_total', 'Process_total', 'Reboot_before']}, 'hyperParameters': {0: '{}'}, 'timeToFit': {0: 0.003408193588256836}, 'timeToPredict': {0: 0.00013589859008789062}, 'classification_report': {0: None}, 'accuracy_val': {0: 0.30065915373166063}, 'accuracy_test': {0: -1}, 'precision_val': {0: 0.09039592672263835}, 'precision_test': {0: -1}, 'recall_val': {0: 0.30065915373166063}, 'recall_test': {0: -1}, 'f1-score_val': {0: 0.13900017766113068}, 'f1-score_test': {0: -1}, 'kappa_val': {0: 0.0}, 'kappa_test': {0: -1}}, {'tree_based': 53099     3
42114    11
46186     7
41946    10
50039     4
         ..
2906      0
33099     7
52857     3
47610     7
36519     5
Length: 855, dtype: int64, 'naive_bayes': 53099    3
30660    7
24323    5
11712    0
52498    3
        ..
44394    7
7212     0
7612     0
46313    7
36519    5
Length: 3853, dtype: int64, 'stacking': 53099     3
42114    11
46186     7
41946    10
38536     5
         ..
49826     4
2906      0
33099     7
52857     3
47610     7
Length: 855, dtype: int64, 'baselines': 53099    3
30660    7
11712    0
52498    3
5763     0
        ..
47610    7
44394    7
7212     0
7612     0
46313    7
Length: 3289, dtype: int64}, {'Decision Tree': {'absolute': array([[ 883,   15,    7,   23,    9,   70,    3,   33,    2,    2,   13,
           3],
       [  12,   55,    1,    2,    3,   14,    0,    1,    0,    1,    4,
           2],
       [   5,    1,   25,    1,    0,    3,    1,    0,    0,    0,    1,
           0],
       [   9,    0,    0,   95,    1,    6,    1,    4,    0,    2,    1,
           3],
       [   6,    1,    0,    0,  271,    5,    1,   10,    3,   28,    3,
          20],
       [  83,    7,    0,    3,    4, 1227,    4,   54,    1,   10,   13,
           8],
       [  10,    2,    1,    5,    0,    4,   61,    1,    0,    0,    0,
           2],
       [  35,    3,    1,    3,    4,   50,    4,  724,    2,    9,   17,
          10],
       [   1,    0,    0,    0,    3,    1,    0,    0,   15,    3,    1,
           1],
       [   5,    3,    0,    0,   33,    1,    0,    7,    2,  107,    2,
           0],
       [  20,    2,    0,    2,    4,    9,    3,   20,    0,    0,  147,
           2],
       [   0,    2,    0,    2,   19,    5,    1,   11,    0,    2,    2,
         238]]), 'relative': array([[8.30667921e+01, 1.41110066e+00, 6.58513641e-01, 2.16368768e+00,
        8.46660395e-01, 6.58513641e+00, 2.82220132e-01, 3.10442145e+00,
        1.88146754e-01, 1.88146754e-01, 1.22295390e+00, 2.82220132e-01],
       [1.26315789e+01, 5.78947368e+01, 1.05263158e+00, 2.10526316e+00,
        3.15789474e+00, 1.47368421e+01, 0.00000000e+00, 1.05263158e+00,
        0.00000000e+00, 1.05263158e+00, 4.21052632e+00, 2.10526316e+00],
       [1.35135135e+01, 2.70270270e+00, 6.75675676e+01, 2.70270270e+00,
        0.00000000e+00, 8.10810811e+00, 2.70270270e+00, 0.00000000e+00,
        0.00000000e+00, 0.00000000e+00, 2.70270270e+00, 0.00000000e+00],
       [7.37704918e+00, 0.00000000e+00, 0.00000000e+00, 7.78688525e+01,
        8.19672131e-01, 4.91803279e+00, 8.19672131e-01, 3.27868852e+00,
        0.00000000e+00, 1.63934426e+00, 8.19672131e-01, 2.45901639e+00],
       [1.72413793e+00, 2.87356322e-01, 0.00000000e+00, 0.00000000e+00,
        7.78735632e+01, 1.43678161e+00, 2.87356322e-01, 2.87356322e+00,
        8.62068966e-01, 8.04597701e+00, 8.62068966e-01, 5.74712644e+00],
       [5.86987270e+00, 4.95049505e-01, 0.00000000e+00, 2.12164074e-01,
        2.82885431e-01, 8.67751061e+01, 2.82885431e-01, 3.81895332e+00,
        7.07213579e-02, 7.07213579e-01, 9.19377652e-01, 5.65770863e-01],
       [1.16279070e+01, 2.32558140e+00, 1.16279070e+00, 5.81395349e+00,
        0.00000000e+00, 4.65116279e+00, 7.09302326e+01, 1.16279070e+00,
        0.00000000e+00, 0.00000000e+00, 0.00000000e+00, 2.32558140e+00],
       [4.06032483e+00, 3.48027842e-01, 1.16009281e-01, 3.48027842e-01,
        4.64037123e-01, 5.80046404e+00, 4.64037123e-01, 8.39907193e+01,
        2.32018561e-01, 1.04408353e+00, 1.97215777e+00, 1.16009281e+00],
       [4.00000000e+00, 0.00000000e+00, 0.00000000e+00, 0.00000000e+00,
        1.20000000e+01, 4.00000000e+00, 0.00000000e+00, 0.00000000e+00,
        6.00000000e+01, 1.20000000e+01, 4.00000000e+00, 4.00000000e+00],
       [3.12500000e+00, 1.87500000e+00, 0.00000000e+00, 0.00000000e+00,
        2.06250000e+01, 6.25000000e-01, 0.00000000e+00, 4.37500000e+00,
        1.25000000e+00, 6.68750000e+01, 1.25000000e+00, 0.00000000e+00],
       [9.56937799e+00, 9.56937799e-01, 0.00000000e+00, 9.56937799e-01,
        1.91387560e+00, 4.30622010e+00, 1.43540670e+00, 9.56937799e+00,
        0.00000000e+00, 0.00000000e+00, 7.03349282e+01, 9.56937799e-01],
       [0.00000000e+00, 7.09219858e-01, 0.00000000e+00, 7.09219858e-01,
        6.73758865e+00, 1.77304965e+00, 3.54609929e-01, 3.90070922e+00,
        0.00000000e+00, 7.09219858e-01, 7.09219858e-01, 8.43971631e+01]])}, 'Naive Bayes': {'absolute': array([[ 52,  21,   8,   7, 509,  39, 281,  46,  39,   4,   2,  55],
       [  5,   4,   2,   0,  59,   3,  13,   2,   0,   0,   0,   7],
       [  2,   1,   0,   0,  19,   0,  12,   2,   0,   0,   0,   1],
       [  3,   6,   1,  32,  56,   1,   8,   0,   4,   0,   1,  10],
       [  1,   1,   1,   0, 322,   0,   8,   1,   2,   1,   0,  11],
       [ 29,  18,  16,   5, 535, 279, 376,   9,  41,   3,   6,  97],
       [  4,   1,   0,   1,  12,   0,  60,   3,   2,   0,   0,   3],
       [  9,   1,   4,   7, 552,   6, 162,   7,  44,   4,   2,  64],
       [  1,   0,   0,   0,  18,   0,   1,   0,   2,   0,   0,   3],
       [  2,   1,   1,   4, 122,   1,   2,   6,   1,  10,   0,  10],
       [  5,   4,   5,   3, 119,   0,  35,   7,   1,   2,  24,   4],
       [  1,   5,   0,   0, 204,   4,   4,   2,   3,   1,   0,  58]]), 'relative': array([[ 4.89181562,  1.97554092,  0.75258702,  0.65851364, 47.88334901,
         3.66886171, 26.434619  ,  4.32737535,  3.66886171,  0.37629351,
         0.18814675,  5.17403575],
       [ 5.26315789,  4.21052632,  2.10526316,  0.        , 62.10526316,
         3.15789474, 13.68421053,  2.10526316,  0.        ,  0.        ,
         0.        ,  7.36842105],
       [ 5.40540541,  2.7027027 ,  0.        ,  0.        , 51.35135135,
         0.        , 32.43243243,  5.40540541,  0.        ,  0.        ,
         0.        ,  2.7027027 ],
       [ 2.45901639,  4.91803279,  0.81967213, 26.2295082 , 45.90163934,
         0.81967213,  6.55737705,  0.        ,  3.27868852,  0.        ,
         0.81967213,  8.19672131],
       [ 0.28735632,  0.28735632,  0.28735632,  0.        , 92.52873563,
         0.        ,  2.29885057,  0.28735632,  0.57471264,  0.28735632,
         0.        ,  3.16091954],
       [ 2.05091938,  1.27298444,  1.13154173,  0.35360679, 37.83592645,
        19.73125884, 26.59123055,  0.63649222,  2.89957567,  0.21216407,
         0.42432815,  6.85997171],
       [ 4.65116279,  1.1627907 ,  0.        ,  1.1627907 , 13.95348837,
         0.        , 69.76744186,  3.48837209,  2.3255814 ,  0.        ,
         0.        ,  3.48837209],
       [ 1.04408353,  0.11600928,  0.46403712,  0.81206497, 64.03712297,
         0.69605568, 18.79350348,  0.81206497,  5.10440835,  0.46403712,
         0.23201856,  7.42459397],
       [ 4.        ,  0.        ,  0.        ,  0.        , 72.        ,
         0.        ,  4.        ,  0.        ,  8.        ,  0.        ,
         0.        , 12.        ],
       [ 1.25      ,  0.625     ,  0.625     ,  2.5       , 76.25      ,
         0.625     ,  1.25      ,  3.75      ,  0.625     ,  6.25      ,
         0.        ,  6.25      ],
       [ 2.3923445 ,  1.9138756 ,  2.3923445 ,  1.4354067 , 56.93779904,
         0.        , 16.74641148,  3.3492823 ,  0.4784689 ,  0.9569378 ,
        11.48325359,  1.9138756 ],
       [ 0.35460993,  1.77304965,  0.        ,  0.        , 72.34042553,
         1.41843972,  1.41843972,  0.70921986,  1.06382979,  0.35460993,
         0.        , 20.56737589]])}, 'Stacking': {'absolute': array([[ 883,   14,    5,   15,    3,   73,    4,   37,    1,    7,   17,
           4],
       [  12,   57,    0,    2,    3,   14,    0,    1,    0,    1,    2,
           3],
       [   3,    0,   27,    1,    0,    5,    1,    0,    0,    0,    0,
           0],
       [   9,    1,    0,   93,    2,    4,    1,    4,    0,    2,    2,
           4],
       [   3,    2,    0,    0,  270,    6,    0,    9,    3,   31,    4,
          20],
       [  85,   12,    0,   10,    1, 1228,    2,   51,    2,    6,   12,
           5],
       [   9,    2,    0,    5,    0,    4,   61,    1,    0,    0,    3,
           1],
       [  31,    8,    1,    5,    4,   51,    5,  722,    1,   14,   13,
           7],
       [   1,    0,    0,    1,    3,    1,    0,    0,   14,    3,    1,
           1],
       [   5,    3,    0,    0,   31,    1,    0,    6,    2,  107,    5,
           0],
       [  20,    2,    0,    2,    5,   12,    1,   17,    1,    1,  146,
           2],
       [   0,    2,    0,    1,   18,    5,    1,    7,    0,    2,    6,
         240]]), 'relative': array([[8.30667921e+01, 1.31702728e+00, 4.70366886e-01, 1.41110066e+00,
        2.82220132e-01, 6.86735654e+00, 3.76293509e-01, 3.48071496e+00,
        9.40733772e-02, 6.58513641e-01, 1.59924741e+00, 3.76293509e-01],
       [1.26315789e+01, 6.00000000e+01, 0.00000000e+00, 2.10526316e+00,
        3.15789474e+00, 1.47368421e+01, 0.00000000e+00, 1.05263158e+00,
        0.00000000e+00, 1.05263158e+00, 2.10526316e+00, 3.15789474e+00],
       [8.10810811e+00, 0.00000000e+00, 7.29729730e+01, 2.70270270e+00,
        0.00000000e+00, 1.35135135e+01, 2.70270270e+00, 0.00000000e+00,
        0.00000000e+00, 0.00000000e+00, 0.00000000e+00, 0.00000000e+00],
       [7.37704918e+00, 8.19672131e-01, 0.00000000e+00, 7.62295082e+01,
        1.63934426e+00, 3.27868852e+00, 8.19672131e-01, 3.27868852e+00,
        0.00000000e+00, 1.63934426e+00, 1.63934426e+00, 3.27868852e+00],
       [8.62068966e-01, 5.74712644e-01, 0.00000000e+00, 0.00000000e+00,
        7.75862069e+01, 1.72413793e+00, 0.00000000e+00, 2.58620690e+00,
        8.62068966e-01, 8.90804598e+00, 1.14942529e+00, 5.74712644e+00],
       [6.01131542e+00, 8.48656294e-01, 0.00000000e+00, 7.07213579e-01,
        7.07213579e-02, 8.68458274e+01, 1.41442716e-01, 3.60678925e+00,
        1.41442716e-01, 4.24328147e-01, 8.48656294e-01, 3.53606789e-01],
       [1.04651163e+01, 2.32558140e+00, 0.00000000e+00, 5.81395349e+00,
        0.00000000e+00, 4.65116279e+00, 7.09302326e+01, 1.16279070e+00,
        0.00000000e+00, 0.00000000e+00, 3.48837209e+00, 1.16279070e+00],
       [3.59628770e+00, 9.28074246e-01, 1.16009281e-01, 5.80046404e-01,
        4.64037123e-01, 5.91647332e+00, 5.80046404e-01, 8.37587007e+01,
        1.16009281e-01, 1.62412993e+00, 1.50812065e+00, 8.12064965e-01],
       [4.00000000e+00, 0.00000000e+00, 0.00000000e+00, 4.00000000e+00,
        1.20000000e+01, 4.00000000e+00, 0.00000000e+00, 0.00000000e+00,
        5.60000000e+01, 1.20000000e+01, 4.00000000e+00, 4.00000000e+00],
       [3.12500000e+00, 1.87500000e+00, 0.00000000e+00, 0.00000000e+00,
        1.93750000e+01, 6.25000000e-01, 0.00000000e+00, 3.75000000e+00,
        1.25000000e+00, 6.68750000e+01, 3.12500000e+00, 0.00000000e+00],
       [9.56937799e+00, 9.56937799e-01, 0.00000000e+00, 9.56937799e-01,
        2.39234450e+00, 5.74162679e+00, 4.78468900e-01, 8.13397129e+00,
        4.78468900e-01, 4.78468900e-01, 6.98564593e+01, 9.56937799e-01],
       [0.00000000e+00, 7.09219858e-01, 0.00000000e+00, 3.54609929e-01,
        6.38297872e+00, 1.77304965e+00, 3.54609929e-01, 2.48226950e+00,
        0.00000000e+00, 7.09219858e-01, 2.12765957e+00, 8.51063830e+01]])}, 'Majority Class (baseline)': {'absolute': array([[   0,    0,    0,    0,    0, 1063,    0,    0,    0,    0,    0,
           0],
       [   0,    0,    0,    0,    0,   95,    0,    0,    0,    0,    0,
           0],
       [   0,    0,    0,    0,    0,   37,    0,    0,    0,    0,    0,
           0],
       [   0,    0,    0,    0,    0,  122,    0,    0,    0,    0,    0,
           0],
       [   0,    0,    0,    0,    0,  348,    0,    0,    0,    0,    0,
           0],
       [   0,    0,    0,    0,    0, 1414,    0,    0,    0,    0,    0,
           0],
       [   0,    0,    0,    0,    0,   86,    0,    0,    0,    0,    0,
           0],
       [   0,    0,    0,    0,    0,  862,    0,    0,    0,    0,    0,
           0],
       [   0,    0,    0,    0,    0,   25,    0,    0,    0,    0,    0,
           0],
       [   0,    0,    0,    0,    0,  160,    0,    0,    0,    0,    0,
           0],
       [   0,    0,    0,    0,    0,  209,    0,    0,    0,    0,    0,
           0],
       [   0,    0,    0,    0,    0,  282,    0,    0,    0,    0,    0,
           0]]), 'relative': array([[  0.,   0.,   0.,   0.,   0., 100.,   0.,   0.,   0.,   0.,   0.,
          0.],
       [  0.,   0.,   0.,   0.,   0., 100.,   0.,   0.,   0.,   0.,   0.,
          0.],
       [  0.,   0.,   0.,   0.,   0., 100.,   0.,   0.,   0.,   0.,   0.,
          0.],
       [  0.,   0.,   0.,   0.,   0., 100.,   0.,   0.,   0.,   0.,   0.,
          0.],
       [  0.,   0.,   0.,   0.,   0., 100.,   0.,   0.,   0.,   0.,   0.,
          0.],
       [  0.,   0.,   0.,   0.,   0., 100.,   0.,   0.,   0.,   0.,   0.,
          0.],
       [  0.,   0.,   0.,   0.,   0., 100.,   0.,   0.,   0.,   0.,   0.,
          0.],
       [  0.,   0.,   0.,   0.,   0., 100.,   0.,   0.,   0.,   0.,   0.,
          0.],
       [  0.,   0.,   0.,   0.,   0., 100.,   0.,   0.,   0.,   0.,   0.,
          0.],
       [  0.,   0.,   0.,   0.,   0., 100.,   0.,   0.,   0.,   0.,   0.,
          0.],
       [  0.,   0.,   0.,   0.,   0., 100.,   0.,   0.,   0.,   0.,   0.,
          0.],
       [  0.,   0.,   0.,   0.,   0., 100.,   0.,   0.,   0.,   0.,   0.,
          0.]])}}, {'tree_based':                                                Feature  Importance
83   API_DeviceInfo_android.net.wifi.WifiInfo_getMa...    0.069369
116  API_DeviceData_android.content.ContentResolver...    0.068981
117  API_DeviceData_android.content.ContentResolver...    0.040054
96             API_Network_java.net.URL_openConnection    0.039364
3                                  Memory_PrivateDirty    0.034116
..                                                 ...         ...
114  API_SMS_android.telephony.SmsManager_sendMulti...    0.000000
15                                Memory_AssetManagers    0.000000
94   API_DeviceInfo_android.content.pm.PackageManag...    0.000000
121  API_DeviceData_android.location.Location_getLa...    0.000000
118  API_DeviceData_android.content.ContentResolver...    0.000000

